	LA-306H:Oil Rate (H), sm3/day	LA-306H:Water Injection Rate (H), sm3/day	LA-306H:Liquid Rate (H), sm3/day	LA-306H:Oil Total (H), sm3	LA-306H:Liquid Total (H), sm3	LA-306H:Water Injection Total (H), sm3	LA-306H:Water Rate (H), sm3/day	LA-306H:Gas Rate (H), sm3/day	LA-306H:Bottom Hole Pressure (H), Bars
14/01/2020	0.000	0	0.000	0.000	0.000	0.000	0.000	0.000	0.000
14/01/2020 0:30	0.000	650	0.000	0.000	0.000	13.650	0.000	0.000	0.000
14/01/2020 1:00	0.000	650	0.000	0.000	0.000	27.300	0.000	0.000	0.000
14/01/2020 1:30	0.000	650	0.000	0.000	0.000	40.950	0.000	0.000	0.000
14/01/2020 2:00	0.000	650	0.000	0.000	0.000	54.600	0.000	0.000	0.000
14/01/2020 2:31	0.000	650	0.000	0.000	0.000	68.250	0.000	0.000	0.000
14/01/2020 3:01	0.000	650	0.000	0.000	0.000	81.900	0.000	0.000	0.000
14/01/2020 3:31	0.000	650	0.000	0.000	0.000	95.550	0.000	0.000	0.000
14/01/2020 4:01	0.000	650	0.000	0.000	0.000	109.200	0.000	0.000	0.000
14/01/2020 4:32	0.000	650	0.000	0.000	0.000	122.850	0.000	0.000	0.000
14/01/2020 5:02	0.000	650	0.000	0.000	0.000	136.500	0.000	0.000	0.000
14/01/2020 5:32	0.000	650	0.000	0.000	0.000	150.150	0.000	0.000	0.000
14/01/2020 6:02	0.000	650	0.000	0.000	0.000	163.800	0.000	0.000	0.000
14/01/2020 6:33	0.000	650	0.000	0.000	0.000	177.450	0.000	0.000	0.000
14/01/2020 7:03	0.000	650	0.000	0.000	0.000	191.100	0.000	0.000	0.000
14/01/2020 7:33	0.000	650	0.000	0.000	0.000	204.750	0.000	0.000	0.000
14/01/2020 8:03	0.000	650	0.000	0.000	0.000	218.400	0.000	0.000	0.000
14/01/2020 8:34	0.000	650	0.000	0.000	0.000	232.050	0.000	0.000	0.000
14/01/2020 9:04	0.000	650	0.000	0.000	0.000	245.700	0.000	0.000	0.000
14/01/2020 9:34	0.000	650	0.000	0.000	0.000	259.350	0.000	0.000	0.000
14/01/2020 10:04	0.000	650	0.000	0.000	0.000	273.000	0.000	0.000	0.000
14/01/2020 10:35	0.000	650	0.000	0.000	0.000	286.650	0.000	0.000	0.000
14/01/2020 11:05	0.000	650	0.000	0.000	0.000	300.300	0.000	0.000	0.000
14/01/2020 11:35	0.000	650	0.000	0.000	0.000	313.950	0.000	0.000	0.000
14/01/2020 12:05	0.000	650	0.000	0.000	0.000	327.600	0.000	0.000	0.000
14/01/2020 12:36	0.000	650	0.000	0.000	0.000	341.250	0.000	0.000	0.000
14/01/2020 13:06	0.000	650	0.000	0.000	0.000	354.900	0.000	0.000	0.000
14/01/2020 13:36	0.000	650	0.000	0.000	0.000	368.550	0.000	0.000	0.000
14/01/2020 14:06	0.000	650	0.000	0.000	0.000	382.200	0.000	0.000	0.000
14/01/2020 14:36	0.000	650	0.000	0.000	0.000	395.850	0.000	0.000	0.000
14/01/2020 15:07	0.000	650	0.000	0.000	0.000	409.500	0.000	0.000	0.000
14/01/2020 15:37	0.000	650	0.000	0.000	0.000	423.150	0.000	0.000	0.000
14/01/2020 16:07	0.000	650	0.000	0.000	0.000	436.800	0.000	0.000	0.000
14/01/2020 16:37	0.000	650	0.000	0.000	0.000	450.450	0.000	0.000	0.000
14/01/2020 17:08	0.000	650	0.000	0.000	0.000	464.100	0.000	0.000	0.000
14/01/2020 17:38	0.000	650	0.000	0.000	0.000	477.750	0.000	0.000	0.000
14/01/2020 18:08	0.000	650	0.000	0.000	0.000	491.400	0.000	0.000	0.000
14/01/2020 18:38	0.000	650	0.000	0.000	0.000	505.050	0.000	0.000	0.000
14/01/2020 19:09	0.000	650	0.000	0.000	0.000	518.700	0.000	0.000	0.000
14/01/2020 19:39	0.000	650	0.000	0.000	0.000	532.350	0.000	0.000	0.000
14/01/2020 20:09	0.000	650	0.000	0.000	0.000	546.000	0.000	0.000	0.000
14/01/2020 20:39	0.000	650	0.000	0.000	0.000	559.650	0.000	0.000	0.000
14/01/2020 21:10	0.000	650	0.000	0.000	0.000	573.300	0.000	0.000	0.000
14/01/2020 21:40	0.000	650	0.000	0.000	0.000	586.950	0.000	0.000	0.000
14/01/2020 22:10	0.000	650	0.000	0.000	0.000	600.600	0.000	0.000	0.000
14/01/2020 22:40	0.000	650	0.000	0.000	0.000	614.250	0.000	0.000	0.000
14/01/2020 23:11	0.000	650	0.000	0.000	0.000	627.900	0.000	0.000	0.000
14/01/2020 23:41	0.000	650	0.000	0.000	0.000	641.550	0.000	0.000	0.000
15/01/2020 0:11	0.000	650	0.000	0.000	0.000	655.200	0.000	0.000	0.000
15/01/2020 0:41	0.000	0	0.000	0.000	0.000	655.200	0.000	0.000	0.000
15/01/2020 1:12	0.000	0	0.000	0.000	0.000	655.200	0.000	0.000	0.000
15/01/2020 1:42	0.000	0	0.000	0.000	0.000	655.200	0.000	0.000	0.000
15/01/2020 2:12	0.000	0	0.000	0.000	0.000	655.200	0.000	0.000	0.000
15/01/2020 2:42	0.000	0	0.000	0.000	0.000	655.200	0.000	0.000	0.000
15/01/2020 3:12	0.000	0	0.000	0.000	0.000	655.200	0.000	0.000	0.000
15/01/2020 3:43	0.000	0	0.000	0.000	0.000	655.200	0.000	0.000	0.000
15/01/2020 4:13	0.000	0	0.000	0.000	0.000	655.200	0.000	0.000	0.000
15/01/2020 4:43	0.000	0	0.000	0.000	0.000	655.200	0.000	0.000	0.000
15/01/2020 5:13	0.000	0	0.000	0.000	0.000	655.200	0.000	0.000	0.000
15/01/2020 5:44	0.000	0	0.000	0.000	0.000	655.200	0.000	0.000	0.000
15/01/2020 6:14	0.000	0	0.000	0.000	0.000	655.200	0.000	0.000	0.000
15/01/2020 6:44	0.000	0	0.000	0.000	0.000	655.200	0.000	0.000	0.000
15/01/2020 7:14	0.000	0	0.000	0.000	0.000	655.200	0.000	0.000	0.000
15/01/2020 7:45	0.000	0	0.000	0.000	0.000	655.200	0.000	0.000	0.000
15/01/2020 8:15	0.000	0	0.000	0.000	0.000	655.200	0.000	0.000	0.000
15/01/2020 8:45	0.000	0	0.000	0.000	0.000	655.200	0.000	0.000	0.000
15/01/2020 9:15	0.000	0	0.000	0.000	0.000	655.200	0.000	0.000	0.000
15/01/2020 9:46	0.000	0	0.000	0.000	0.000	655.200	0.000	0.000	0.000
15/01/2020 10:16	0.000	0	0.000	0.000	0.000	655.200	0.000	0.000	0.000
15/01/2020 10:46	0.000	0	0.000	0.000	0.000	655.200	0.000	0.000	0.000
15/01/2020 11:16	0.000	0	0.000	0.000	0.000	655.200	0.000	0.000	0.000
15/01/2020 11:47	0.000	0	0.000	0.000	0.000	655.200	0.000	0.000	0.000
15/01/2020 12:17	0.000	0	0.000	0.000	0.000	655.200	0.000	0.000	0.000
15/01/2020 12:47	0.000	0	0.000	0.000	0.000	655.200	0.000	0.000	0.000
15/01/2020 13:17	0.000	0	0.000	0.000	0.000	655.200	0.000	0.000	0.000
15/01/2020 13:48	0.000	0	0.000	0.000	0.000	655.200	0.000	0.000	0.000
15/01/2020 14:18	0.000	0	0.000	0.000	0.000	655.200	0.000	0.000	0.000
15/01/2020 14:48	0.000	0	0.000	0.000	0.000	655.200	0.000	0.000	0.000
15/01/2020 15:18	0.000	0	0.000	0.000	0.000	655.200	0.000	0.000	0.000
15/01/2020 15:48	0.000	0	0.000	0.000	0.000	655.200	0.000	0.000	0.000
15/01/2020 16:19	0.000	0	0.000	0.000	0.000	655.200	0.000	0.000	0.000
15/01/2020 16:49	0.000	0	0.000	0.000	0.000	655.200	0.000	0.000	0.000
15/01/2020 17:19	0.000	0	0.000	0.000	0.000	655.200	0.000	0.000	0.000
15/01/2020 17:49	0.000	0	0.000	0.000	0.000	655.200	0.000	0.000	0.000
15/01/2020 18:20	0.000	0	0.000	0.000	0.000	655.200	0.000	0.000	0.000
15/01/2020 18:50	0.000	0	0.000	0.000	0.000	655.200	0.000	0.000	0.000
15/01/2020 19:20	0.000	0	0.000	0.000	0.000	655.200	0.000	0.000	0.000
15/01/2020 19:50	0.000	0	0.000	0.000	0.000	655.200	0.000	0.000	0.000
15/01/2020 20:21	0.000	0	0.000	0.000	0.000	655.200	0.000	0.000	0.000
15/01/2020 20:51	0.000	0	0.000	0.000	0.000	655.200	0.000	0.000	0.000
15/01/2020 21:21	0.000	0	0.000	0.000	0.000	655.200	0.000	0.000	0.000
15/01/2020 21:51	0.000	0	0.000	0.000	0.000	655.200	0.000	0.000	0.000
15/01/2020 22:22	0.000	0	0.000	0.000	0.000	655.200	0.000	0.000	0.000
15/01/2020 22:52	0.000	0	0.000	0.000	0.000	655.200	0.000	0.000	0.000
15/01/2020 23:22	0.000	0	0.000	0.000	0.000	655.200	0.000	0.000	0.000
15/01/2020 23:52	0.000	0	0.000	0.000	0.000	655.200	0.000	0.000	0.000
16/01/2020 0:23	0.000	0	0.000	0.000	0.000	655.200	0.000	0.000	0.000
16/01/2020 1:23	0.000	0	0.000	0.000	0.000	655.200	0.000	0.000	0.000
16/01/2020 2:24	0.000	0	0.000	0.000	0.000	655.200	0.000	0.000	0.000
16/01/2020 3:24	0.000	0	0.000	0.000	0.000	655.200	0.000	0.000	0.000
16/01/2020 4:24	0.000	0	0.000	0.000	0.000	655.200	0.000	0.000	0.000
16/01/2020 5:25	0.000	0	0.000	0.000	0.000	655.200	0.000	0.000	0.000
16/01/2020 6:25	0.000	0	0.000	0.000	0.000	655.200	0.000	0.000	0.000
16/01/2020 7:26	0.000	0	0.000	0.000	0.000	655.200	0.000	0.000	0.000
16/01/2020 8:26	0.000	0	0.000	0.000	0.000	655.200	0.000	0.000	0.000
16/01/2020 9:27	0.000	0	0.000	0.000	0.000	655.200	0.000	0.000	0.000
16/01/2020 10:27	0.000	0	0.000	0.000	0.000	655.200	0.000	0.000	0.000
16/01/2020 11:28	0.000	0	0.000	0.000	0.000	655.200	0.000	0.000	0.000
16/01/2020 12:28	0.000	0	0.000	0.000	0.000	655.200	0.000	0.000	0.000
16/01/2020 13:29	0.000	0	0.000	0.000	0.000	655.200	0.000	0.000	0.000
16/01/2020 14:29	0.000	0	0.000	0.000	0.000	655.200	0.000	0.000	0.000
16/01/2020 15:30	0.000	0	0.000	0.000	0.000	655.200	0.000	0.000	0.000
16/01/2020 16:30	0.000	0	0.000	0.000	0.000	655.200	0.000	0.000	0.000
16/01/2020 17:31	0.000	0	0.000	0.000	0.000	655.200	0.000	0.000	0.000
16/01/2020 18:31	0.000	0	0.000	0.000	0.000	655.200	0.000	0.000	0.000
16/01/2020 19:32	0.000	0	0.000	0.000	0.000	655.200	0.000	0.000	0.000
16/01/2020 20:32	0.000	0	0.000	0.000	0.000	655.200	0.000	0.000	0.000
16/01/2020 21:33	0.000	0	0.000	0.000	0.000	655.200	0.000	0.000	0.000
16/01/2020 22:33	0.000	0	0.000	0.000	0.000	655.200	0.000	0.000	0.000
16/01/2020 23:34	0.000	0	0.000	0.000	0.000	655.200	0.000	0.000	0.000
17/01/2020 0:34	0.000	0	0.000	0.000	0.000	655.200	0.000	0.000	0.000
17/01/2020 4:35	0.000	0	0.000	0.000	0.000	655.200	0.000	0.000	0.000
17/01/2020 8:35	0.000	0	0.000	0.000	0.000	655.200	0.000	0.000	0.000
17/01/2020 12:36	0.000	0	0.000	0.000	0.000	655.200	0.000	0.000	0.000
17/01/2020 16:36	0.000	0	0.000	0.000	0.000	655.200	0.000	0.000	0.000
17/01/2020 20:36	0.000	0	0.000	0.000	0.000	655.200	0.000	0.000	0.000
18/01/2020 0:37	0.000	0	0.000	0.000	0.000	655.200	0.000	0.000	0.000
18/01/2020 6:37	0.000	0	0.000	0.000	0.000	655.200	0.000	0.000	0.000
18/01/2020 12:37	0.000	0	0.000	0.000	0.000	655.200	0.000	0.000	0.000
18/01/2020 18:37	0.000	0	0.000	0.000	0.000	655.200	0.000	0.000	0.000
19/01/2020 0:37	0.000	0	0.000	0.000	0.000	655.200	0.000	0.000	0.000
20/01/2020 0:37	0.000	0	0.000	0.000	0.000	655.200	0.000	0.000	0.000
21/01/2020 0:37	0.000	0	0.000	0.000	0.000	655.200	0.000	0.000	0.000
22/01/2020 0:37	0.000	0	0.000	0.000	0.000	655.200	0.000	0.000	0.000
23/01/2020 0:37	0.000	0	0.000	0.000	0.000	655.200	0.000	0.000	0.000
24/01/2020 0:37	0.000	0	0.000	0.000	0.000	655.200	0.000	0.000	0.000
25/01/2020 0:37	0.000	0	0.000	0.000	0.000	655.200	0.000	0.000	0.000
26/01/2020 0:37	0.000	0	0.000	0.000	0.000	655.200	0.000	0.000	0.000
27/01/2020 0:37	0.000	0	0.000	0.000	0.000	655.200	0.000	0.000	0.000
28/01/2020 0:37	0.000	0	0.000	0.000	0.000	655.200	0.000	0.000	0.000
29/01/2020 0:37	0.000	0	0.000	0.000	0.000	655.200	0.000	0.000	0.000
30/01/2020 0:37	0.000	0	0.000	0.000	0.000	655.200	0.000	0.000	0.000
31/01/2020 0:37	0.000	0	0.000	0.000	0.000	655.200	0.000	0.000	0.000
01/02/2020 0:37	0.000	0	0.000	0.000	0.000	655.200	0.000	0.000	0.000
02/02/2020 0:37	0.000	0	0.000	0.000	0.000	655.200	0.000	0.000	0.000
03/02/2020 0:37	0.000	0	0.000	0.000	0.000	655.200	0.000	0.000	0.000
04/02/2020 0:37	0.000	0	0.000	0.000	0.000	655.200	0.000	0.000	0.000
05/02/2020 0:37	0.000	0	0.000	0.000	0.000	655.200	0.000	0.000	0.000
06/02/2020 0:37	0.000	0	0.000	0.000	0.000	655.200	0.000	0.000	0.000
07/02/2020 0:37	0.000	0	0.000	0.000	0.000	655.200	0.000	0.000	0.000
08/02/2020 0:37	0.000	0	0.000	0.000	0.000	655.200	0.000	0.000	0.000
09/02/2020 0:37	0.000	0	0.000	0.000	0.000	655.200	0.000	0.000	0.000
10/02/2020 0:37	0.000	0	0.000	0.000	0.000	655.200	0.000	0.000	0.000
11/02/2020 0:37	0.000	0	0.000	0.000	0.000	655.200	0.000	0.000	0.000
12/02/2020 0:37	0.000	0	0.000	0.000	0.000	655.200	0.000	0.000	0.000
13/02/2020 0:37	0.000	0	0.000	0.000	0.000	655.200	0.000	0.000	0.000
14/02/2020 0:37	0.000	0	0.000	0.000	0.000	655.200	0.000	0.000	0.000
15/02/2020 0:37	0.000	0	0.000	0.000	0.000	655.200	0.000	0.000	0.000
16/02/2020 0:37	0.000	0	0.000	0.000	0.000	655.200	0.000	0.000	0.000
17/02/2020 0:37	0.000	0	0.000	0.000	0.000	655.200	0.000	0.000	0.000
18/02/2020 0:37	0.000	0	0.000	0.000	0.000	655.200	0.000	0.000	0.000
19/02/2020 0:37	0.000	0	0.000	0.000	0.000	655.200	0.000	0.000	0.000
20/02/2020	0.000	0	0.000	0.000	0.000	655.200	0.000	0.000	0.000
21/02/2020	0.000	0	0.830	0.000	0.830	655.200	0.830	0.000	617.568
22/02/2020	0.000	0	0.810	0.000	1.640	655.200	0.810	0.000	615.545
23/02/2020	0.000	0	0.822	0.000	2.462	655.200	0.822	0.000	612.215
24/02/2020	0.000	0	0.833	0.000	3.295	655.200	0.833	0.000	610.298
25/02/2020	0.000	0	0.846	0.000	4.141	655.200	0.846	0.000	608.078
26/02/2020	0.000	0	0.858	0.000	4.999	655.200	0.858	0.000	606.162
27/02/2020	0.000	0	0.893	0.000	5.892	655.200	0.893	0.000	604.652
28/02/2020	0.000	0	0.826	0.000	6.719	655.200	0.826	0.000	603.026
29/02/2020	0.000	0	0.817	0.000	7.535	655.200	0.817	0.000	601.510
01/03/2020	0.000	0	0.799	0.000	8.334	655.200	0.799	0.000	600.194
02/03/2020	0.000	0	0.843	0.000	9.177	655.200	0.843	0.000	598.686
03/03/2020	0.000	0	0.847	0.000	10.024	655.200	0.847	0.000	597.475
04/03/2020	0.000	0	0.840	0.000	10.863	655.200	0.840	0.000	596.464
05/03/2020	0.000	0	1.146	0.000	12.009	655.200	1.146	0.000	592.985
06/03/2020	0.000	0	1.212	0.000	13.221	655.200	1.212	0.000	590.979
07/03/2020	0.000	0	1.208	0.000	14.429	655.200	1.208	0.000	589.362
08/03/2020	0.000	0	1.212	0.000	15.641	655.200	1.212	0.000	587.343
09/03/2020	0.000	0	1.232	0.000	16.873	655.200	1.232	0.000	585.934
10/03/2020	0.000	0	1.232	0.000	18.105	655.200	1.232	0.000	584.419
11/03/2020	0.000	0	1.215	0.000	19.320	655.200	1.215	0.000	583.405
12/03/2020	0.000	0	1.261	0.000	20.581	655.200	1.261	0.000	581.396
13/03/2020	0.025	0	1.254	0.025	21.835	655.200	1.229	0.000	577.141
14/03/2020	0.075	0	1.257	0.100	23.092	655.200	1.182	0.000	569.618
15/03/2020	0.130	0	1.246	0.230	24.338	655.200	1.116	0.000	561.485
16/03/2020	0.132	0	1.215	0.362	25.553	655.200	1.083	0.000	560.124
17/03/2020	0.134	0	1.224	0.496	26.778	655.200	1.090	0.000	559.283
18/03/2020	0.149	0	1.202	0.644	27.980	655.200	1.053	0.000	556.900
19/03/2020	0.156	0	1.198	0.801	29.178	655.200	1.042	0.000	555.813
20/03/2020	0.178	0	1.185	0.979	30.363	655.200	1.007	0.000	552.848
21/03/2020	0.208	0	1.181	1.187	31.544	655.200	0.972	0.000	549.061
22/03/2020	0.238	0	1.175	1.425	32.719	655.200	0.938	0.000	545.520
23/03/2020	0.269	0	1.160	1.694	33.878	655.200	0.890	0.000	541.498
24/03/2020	0.294	0	1.167	1.988	35.045	655.200	0.873	0.000	538.540
25/03/2020	0.318	0	1.166	2.306	36.211	655.200	0.848	0.000	535.548
26/03/2020	0.328	0	1.172	2.635	37.383	655.200	0.843	0.000	534.221
27/03/2020	0.346	0	1.171	2.981	38.553	655.200	0.825	22.222	532.123
28/03/2020	0.370	0	1.173	3.351	39.726	655.200	0.803	30.556	529.143
29/03/2020	0.397	0	1.176	3.748	40.902	655.200	0.778	31.111	525.877
30/03/2020	0.422	0	1.173	4.169	42.075	655.200	0.751	28.472	522.961
31/03/2020	0.441	0	1.187	4.610	43.262	655.200	0.746	32.986	520.913
01/04/2020	0.457	0	1.196	5.067	44.458	655.200	0.739	36.458	519.158
02/04/2020	0.481	0	1.193	5.549	45.651	655.200	0.712	36.458	516.175
03/04/2020	0.506	0	1.186	6.054	46.837	655.200	0.681	39.583	512.770
04/04/2020	0.528	0	1.176	6.583	48.013	655.200	0.648	42.361	509.508
05/04/2020	0.549	0	1.169	7.132	49.183	655.200	0.620	43.750	506.344
06/04/2020	0.551	0	1.169	7.683	50.352	655.200	0.619	45.000	505.099
07/04/2020	0.581	0	1.226	8.264	51.578	655.200	0.644	49.375	504.073
08/04/2020	0.697	0	1.242	8.960	52.820	655.200	0.546	50.000	495.470
09/04/2020	0.792	0	1.253	9.752	54.073	655.200	0.461	50.000	486.525
10/04/2020	0.809	0	1.269	10.561	55.342	655.200	0.460	50.000	484.510
11/04/2020	0.806	0	1.251	11.367	56.593	655.200	0.446	51.944	482.457
12/04/2020	0.792	0	1.253	12.158	57.846	655.200	0.461	52.639	481.897
13/04/2020	0.800	0	1.257	12.958	59.103	655.200	0.457	54.861	479.668
14/04/2020	0.804	0	1.266	13.763	60.369	655.200	0.462	54.861	478.232
15/04/2020	0.801	0	1.272	14.564	61.640	655.200	0.470	54.861	477.106
16/04/2020	0.792	0	1.253	15.356	62.893	655.200	0.460	54.861	475.163
17/04/2020	0.765	0	1.224	16.121	64.117	655.200	0.459	54.861	474.251
18/04/2020	0.756	0	1.210	16.877	65.327	655.200	0.454	56.944	472.812
19/04/2020	0.779	0	1.226	17.656	66.553	655.200	0.447	58.333	470.254
20/04/2020	0.760	0	1.200	18.417	67.753	655.200	0.440	58.681	468.870
21/04/2020	0.771	0	1.215	19.188	68.968	655.200	0.444	59.375	466.971
22/04/2020	0.773	0	1.193	19.960	70.161	655.200	0.420	59.375	464.291
23/04/2020	0.781	0	1.196	20.742	71.357	655.200	0.415	53.750	462.502
24/04/2020	0.779	0	1.192	21.521	72.549	655.200	0.413	51.528	460.603
25/04/2020	0.785	0	1.184	22.306	73.733	655.200	0.399	55.139	458.222
26/04/2020	0.781	0	1.182	23.086	74.915	655.200	0.401	56.250	456.868
27/04/2020	0.776	0	1.174	23.863	76.088	655.200	0.397	49.514	455.123
28/04/2020	0.781	0	1.173	24.643	77.261	655.200	0.392	54.167	453.255
29/04/2020	0.774	0	1.158	25.417	78.419	655.200	0.384	54.167	451.152
30/04/2020	0.774	0	1.158	26.192	79.577	655.200	0.383	54.861	449.470
01/05/2020	0.776	0	1.153	26.968	80.731	655.200	0.377	54.861	447.373
02/05/2020	0.773	0	1.135	27.741	81.866	655.200	0.363	54.722	445.101
03/05/2020	0.770	0	1.125	28.511	82.991	655.200	0.355	55.139	443.139
04/05/2020	0.763	0	1.106	29.274	84.097	655.200	0.344	55.069	441.623
05/05/2020	0.785	0	1.125	30.058	85.222	655.200	0.340	55.347	440.560
06/05/2020	0.794	0	1.121	30.853	86.343	655.200	0.326	56.944	436.266
07/05/2020	0.816	0	1.105	31.669	87.448	655.200	0.289	57.083	432.106
08/05/2020	0.822	0	1.118	32.491	88.566	655.200	0.296	56.667	429.663
09/05/2020	0.826	0	1.123	33.317	89.689	655.200	0.297	56.215	427.247
10/05/2020	0.828	0	1.130	34.145	90.819	655.200	0.302	56.250	427.295
11/05/2020	0.831	0	1.128	34.976	91.947	655.200	0.297	55.764	424.820
12/05/2020	0.836	0	1.132	35.813	93.079	655.200	0.296	56.597	422.908
13/05/2020	0.832	0	1.126	36.644	94.205	655.200	0.294	56.250	421.015
14/05/2020	0.836	0	1.127	37.481	95.332	655.200	0.291	56.806	419.045
15/05/2020	0.840	0	1.128	38.321	96.460	655.200	0.288	56.111	417.248
16/05/2020	0.840	0	1.126	39.160	97.585	655.200	0.286	55.625	415.431
17/05/2020	0.837	0	1.120	39.997	98.706	655.200	0.283	56.458	413.371
18/05/2020	0.833	0	1.113	40.830	99.818	655.200	0.280	56.319	411.608
19/05/2020	0.828	0	1.106	41.658	100.924	655.200	0.278	56.250	409.604
20/05/2020	0.830	0	1.107	42.488	102.031	655.200	0.277	54.861	407.992
21/05/2020	0.836	0	1.114	43.324	103.145	655.200	0.278	55.972	406.164
22/05/2020	0.839	0	1.108	44.163	104.253	655.200	0.269	56.250	403.789
23/05/2020	0.835	0	1.088	44.998	105.340	655.200	0.253	55.556	401.363
24/05/2020	0.835	0	1.081	45.833	106.422	655.200	0.246	55.556	399.533
25/05/2020	0.831	0	1.069	46.665	107.490	655.200	0.238	52.778	397.283
26/05/2020	0.835	0	1.071	47.499	108.561	655.200	0.236	55.208	395.394
27/05/2020	0.838	0	1.067	48.337	109.628	655.200	0.230	55.278	393.460
28/05/2020	0.844	0	1.065	49.181	110.694	655.200	0.221	54.653	391.008
29/05/2020	0.851	0	1.065	50.032	111.758	655.200	0.214	52.500	388.995
30/05/2020	0.853	0	1.062	50.885	112.820	655.200	0.208	52.847	387.521
31/05/2020	0.860	0	1.076	51.746	113.896	655.200	0.215	55.486	391.836
01/06/2020	0.855	0	1.065	52.601	114.960	655.200	0.210	55.556	387.785
02/06/2020	0.857	0	1.065	53.458	116.025	655.200	0.208	55.903	385.997
03/06/2020	0.854	0	1.059	54.312	117.084	655.200	0.205	55.903	383.418
04/06/2020	0.849	0	1.052	55.161	118.136	655.200	0.203	55.903	383.672
05/06/2020	0.843	0	1.040	56.004	119.176	655.200	0.197	55.903	382.520
06/06/2020	0.835	0	1.026	56.839	120.203	655.200	0.192	55.208	379.349
07/06/2020	0.836	0	1.033	57.675	121.235	655.200	0.197	54.861	379.914
08/06/2020	0.826	0	1.012	58.501	122.247	655.200	0.185	54.514	376.044
09/06/2020	0.819	0	1.001	59.320	123.248	655.200	0.182	54.340	373.405
10/06/2020	0.817	0	0.991	60.137	124.239	655.200	0.174	54.167	372.172
11/06/2020	0.811	0	0.989	60.948	125.228	655.200	0.178	54.167	370.630
12/06/2020	0.804	0	0.981	61.752	126.208	655.200	0.176	54.167	367.920
13/06/2020	0.800	0	0.976	62.552	127.185	655.200	0.176	54.167	367.973
14/06/2020	0.801	0	0.975	63.353	128.160	655.200	0.174	54.167	365.683
15/06/2020	0.799	0	0.971	64.152	129.131	655.200	0.172	54.167	367.037
16/06/2020	0.799	0	0.971	64.951	130.101	655.200	0.172	54.167	365.234
17/06/2020	0.792	0	0.962	65.742	131.063	655.200	0.170	54.167	363.098
18/06/2020	0.790	0	0.959	66.533	132.022	655.200	0.169	52.778	361.138
19/06/2020	0.788	0	0.947	67.320	132.969	655.200	0.160	52.083	359.027
20/06/2020	0.774	0	0.926	68.094	133.895	655.200	0.151	51.736	357.078
21/06/2020	0.774	0	0.922	68.869	134.817	655.200	0.147	51.563	357.407
22/06/2020	0.774	0	0.917	69.643	135.733	655.200	0.142	51.389	357.690
23/06/2020	0.775	0	0.915	70.418	136.649	655.200	0.140	50.556	354.580
24/06/2020	0.774	0	0.914	71.192	137.563	655.200	0.140	50.162	352.328
25/06/2020	0.772	0	0.912	71.963	138.474	655.200	0.140	49.769	350.190
26/06/2020	0.769	0	0.910	72.733	139.384	655.200	0.140	49.375	348.059
27/06/2020	0.769	0	0.910	73.502	140.294	655.200	0.140	49.375	348.059
28/06/2020	0.760	0	0.898	74.263	141.192	655.200	0.138	49.352	346.615
29/06/2020	0.751	0	0.886	75.013	142.078	655.200	0.135	49.328	345.225
30/06/2020	0.742	0	0.875	75.755	142.953	655.200	0.133	49.306	343.829
01/07/2020	0.741	0	0.873	76.496	143.826	655.200	0.132	49.190	343.744
02/07/2020	0.740	0	0.872	77.236	144.697	655.200	0.131	49.074	343.705
03/07/2020	0.740	0	0.871	77.976	145.568	655.200	0.131	48.958	343.658
04/07/2020	0.738	0	0.867	78.714	146.435	655.200	0.129	48.495	341.075
05/07/2020	0.735	0	0.863	79.449	147.298	655.200	0.128	48.033	338.547
06/07/2020	0.732	0	0.860	80.181	148.158	655.200	0.128	47.569	336.030
07/07/2020	0.732	0	0.859	80.913	149.017	655.200	0.127	47.199	334.926
08/07/2020	0.730	0	0.856	81.642	149.873	655.200	0.126	46.848	333.753
09/07/2020	0.727	0	0.852	82.369	150.725	655.200	0.125	46.513	332.542
10/07/2020	0.723	0	0.847	83.092	151.572	655.200	0.124	46.192	331.253
11/07/2020	0.719	0	0.842	83.812	152.413	655.200	0.122	45.924	330.243
12/07/2020	0.731	0	0.858	84.542	153.271	655.200	0.127	45.347	329.594
13/07/2020	0.722	0	0.844	85.264	154.115	655.200	0.123	45.092	328.081
14/07/2020	0.712	0	0.831	85.976	154.946	655.200	0.119	44.838	326.479
15/07/2020	0.703	0	0.817	86.678	155.763	655.200	0.115	44.583	324.867
16/07/2020	0.703	0	0.817	87.381	156.581	655.200	0.115	44.583	324.867
17/07/2020	0.693	0	0.801	88.074	157.382	655.200	0.108	44.236	323.580
18/07/2020	0.683	0	0.785	88.758	158.167	655.200	0.102	43.889	322.283
19/07/2020	0.679	0	0.778	89.437	158.946	655.200	0.099	43.889	321.273
20/07/2020	0.674	0	0.770	90.111	159.716	655.200	0.096	43.889	320.216
21/07/2020	0.674	0	0.770	90.785	160.486	655.200	0.096	43.889	319.278
22/07/2020	0.674	0	0.770	91.460	161.256	655.200	0.096	43.889	318.341
23/07/2020	0.674	0	0.770	92.134	162.026	655.200	0.096	43.889	317.406
24/07/2020	0.674	0	0.770	92.808	162.797	655.200	0.096	43.889	316.472
25/07/2020	0.674	0	0.770	93.483	163.567	655.200	0.096	43.889	315.540
26/07/2020	0.674	0	0.770	94.157	164.337	655.200	0.096	43.889	314.609
27/07/2020	0.674	0	0.770	94.831	165.107	655.200	0.096	43.889	313.679
28/07/2020	0.667	0	0.760	95.499	165.867	655.200	0.093	43.889	312.612
29/07/2020	0.661	0	0.751	96.160	166.618	655.200	0.090	43.889	311.574
30/07/2020	0.654	0	0.741	96.814	167.359	655.200	0.087	43.889	310.502
31/07/2020	0.654	0	0.741	97.468	168.100	655.200	0.087	43.889	310.502
01/08/2020	0.653	0	0.739	98.121	168.839	655.200	0.086	43.819	309.446
02/08/2020	0.651	0	0.735	98.772	169.574	655.200	0.085	43.750	308.342
03/08/2020	0.646	0	0.730	99.417	170.304	655.200	0.084	43.576	307.324
04/08/2020	0.640	0	0.724	100.058	171.028	655.200	0.083	43.403	306.222
05/08/2020	0.685	0	0.777	100.742	171.805	655.200	0.092	44.514	303.639
06/08/2020	0.729	0	0.830	101.472	172.635	655.200	0.101	45.625	300.990
07/08/2020	0.728	0	0.827	102.199	173.462	655.200	0.099	45.625	299.361
08/08/2020	0.726	0	0.824	102.926	174.286	655.200	0.098	45.625	297.646
09/08/2020	0.724	0	0.821	103.650	175.107	655.200	0.097	45.625	296.032
10/08/2020	0.723	0	0.818	104.373	175.925	655.200	0.095	45.625	294.416
11/08/2020	0.722	0	0.816	105.094	176.741	655.200	0.094	45.625	292.762
12/08/2020	0.720	0	0.813	105.815	177.554	655.200	0.093	45.625	291.154
13/08/2020	0.718	0	0.810	106.533	178.364	655.200	0.092	45.625	289.466
14/08/2020	0.717	0	0.807	107.249	179.171	655.200	0.090	45.625	287.865
15/08/2020	0.715	0	0.804	107.965	179.975	655.200	0.089	45.625	286.268
16/08/2020	0.712	0	0.796	108.676	180.771	655.200	0.084	45.306	285.240
17/08/2020	0.708	0	0.787	109.385	181.558	655.200	0.078	44.986	284.157
18/08/2020	0.706	0	0.779	110.090	182.337	655.200	0.074	44.667	283.115
19/08/2020	0.702	0	0.770	110.792	183.107	655.200	0.068	44.347	282.022
20/08/2020	0.699	0	0.762	111.491	183.869	655.200	0.063	44.028	280.976
21/08/2020	0.695	0	0.753	112.186	184.622	655.200	0.058	43.708	279.926
22/08/2020	0.692	0	0.744	112.878	185.367	655.200	0.053	43.389	278.905
23/08/2020	0.689	0	0.737	113.567	186.103	655.200	0.048	43.069	277.841
24/08/2020	0.685	0	0.728	114.252	186.831	655.200	0.042	42.750	276.721
25/08/2020	0.682	0	0.719	114.934	187.551	655.200	0.038	42.431	275.650
26/08/2020	0.681	0	0.719	115.615	188.269	655.200	0.038	42.431	273.912
27/08/2020	0.680	0	0.717	116.295	188.986	655.200	0.037	42.431	272.126
28/08/2020	0.679	0	0.716	116.974	189.702	655.200	0.037	42.431	270.313
29/08/2020	0.678	0	0.715	117.653	190.417	655.200	0.037	42.431	268.592
30/08/2020	0.679	0	0.716	118.332	191.133	655.200	0.037	42.431	270.313
31/08/2020	0.679	0	0.716	119.011	191.849	655.200	0.037	42.500	269.709
01/09/2020	0.679	0	0.716	119.690	192.565	655.200	0.037	42.569	269.106
02/09/2020	0.679	0	0.716	120.369	193.281	655.200	0.037	42.639	268.503
03/09/2020	0.678	0	0.715	121.048	193.997	655.200	0.037	42.708	267.990
04/09/2020	0.678	0	0.715	121.726	194.712	655.200	0.037	42.778	267.389
05/09/2020	0.678	0	0.715	122.405	195.427	655.200	0.037	42.847	266.788
06/09/2020	0.678	0	0.715	123.083	196.142	655.200	0.037	42.917	266.188
07/09/2020	0.678	0	0.715	123.762	196.858	655.200	0.037	42.986	265.589
08/09/2020	0.678	0	0.715	124.440	197.573	655.200	0.037	43.056	264.991
09/09/2020	0.678	0	0.715	125.118	198.288	655.200	0.037	43.125	264.396
10/09/2020	0.678	0	0.715	125.796	199.002	655.200	0.037	43.194	263.799
11/09/2020	0.678	0	0.715	126.474	199.717	655.200	0.037	43.264	263.202
12/09/2020	0.677	0	0.714	127.151	200.431	655.200	0.037	43.205	262.610
13/09/2020	0.676	0	0.713	127.827	201.144	655.200	0.037	43.147	262.017
14/09/2020	0.676	0	0.713	128.503	201.856	655.200	0.037	43.088	261.426
15/09/2020	0.676	0	0.712	129.178	202.568	655.200	0.036	43.029	260.777
16/09/2020	0.675	0	0.711	129.853	203.279	655.200	0.036	42.970	260.187
17/09/2020	0.674	0	0.710	130.528	203.990	655.200	0.036	42.911	259.598
18/09/2020	0.674	0	0.710	131.201	204.699	655.200	0.036	42.853	259.009
19/09/2020	0.673	0	0.709	131.874	205.408	655.200	0.036	42.794	258.421
20/09/2020	0.672	0	0.708	132.547	206.117	655.200	0.036	42.735	257.834
21/09/2020	0.672	0	0.708	133.219	206.825	655.200	0.036	42.676	257.329
22/09/2020	0.672	0	0.707	133.890	207.532	655.200	0.035	42.617	256.688
23/09/2020	0.671	0	0.706	134.561	208.238	655.200	0.035	42.559	256.102
24/09/2020	0.670	0	0.706	135.231	208.944	655.200	0.035	42.500	255.518
25/09/2020	0.670	0	0.706	135.901	209.649	655.200	0.035	42.500	255.518
26/09/2020	0.666	0	0.704	136.567	210.353	655.200	0.038	42.118	255.421
27/09/2020	0.663	0	0.703	137.230	211.057	655.200	0.041	41.736	255.406
28/09/2020	0.658	0	0.699	137.888	211.756	655.200	0.040	41.597	254.617
29/09/2020	0.655	0	0.697	138.543	212.452	655.200	0.042	41.736	254.577
30/09/2020	0.648	0	0.690	139.191	213.142	655.200	0.042	39.328	254.110
01/10/2020	0.641	0	0.683	139.832	213.824	655.200	0.042	36.922	253.643
02/10/2020	0.634	0	0.676	140.466	214.500	655.200	0.042	34.514	253.178
03/10/2020	0.634	0	0.676	141.100	215.176	655.200	0.042	34.514	253.178
04/10/2020	0.633	0	0.676	141.733	215.851	655.200	0.042	34.815	252.905
05/10/2020	0.633	0	0.677	142.367	216.528	655.200	0.044	35.116	252.686
06/10/2020	0.633	0	0.677	142.999	217.206	655.200	0.044	35.417	252.414
07/10/2020	0.631	0	0.670	143.630	217.876	655.200	0.040	35.648	251.524
08/10/2020	0.628	0	0.663	144.258	218.539	655.200	0.035	35.880	250.546
09/10/2020	0.626	0	0.656	144.885	219.195	655.200	0.030	36.111	249.646
10/10/2020	0.626	0	0.656	145.511	219.851	655.200	0.030	36.111	249.646
11/10/2020	0.623	0	0.652	146.134	220.503	655.200	0.029	35.625	249.186
12/10/2020	0.619	0	0.649	146.753	221.152	655.200	0.029	35.139	248.868
13/10/2020	0.616	0	0.644	147.369	221.797	655.200	0.028	34.653	248.491
14/10/2020	0.615	0	0.642	147.984	222.438	655.200	0.027	34.651	248.211
15/10/2020	0.613	0	0.639	148.597	223.077	655.200	0.026	34.650	247.930
16/10/2020	0.612	0	0.636	149.209	223.713	655.200	0.024	34.649	247.648
17/10/2020	0.610	0	0.633	149.819	224.347	655.200	0.023	34.647	247.365
18/10/2020	0.609	0	0.638	150.428	224.984	655.200	0.028	34.653	246.702
19/10/2020	0.598	0	0.627	151.026	225.611	655.200	0.029	34.306	246.642
20/10/2020	0.598	0	0.627	151.624	226.238	655.200	0.029	34.306	246.313
21/10/2020	0.595	0	0.624	152.219	226.862	655.200	0.028	34.283	245.852
22/10/2020	0.592	0	0.621	152.812	227.483	655.200	0.028	34.259	245.534
23/10/2020	0.590	0	0.618	153.402	228.101	655.200	0.028	34.236	245.070
24/10/2020	0.590	0	0.618	153.992	228.719	655.200	0.028	34.236	245.070
25/10/2020	0.578	0	0.606	154.571	229.325	655.200	0.028	34.514	244.790
26/10/2020	0.558	0	0.584	155.128	229.909	655.200	0.026	34.306	244.421
27/10/2020	0.545	0	0.572	155.674	230.481	655.200	0.026	34.236	243.902
28/10/2020	0.544	0	0.570	156.217	231.051	655.200	0.026	32.813	243.908
29/10/2020	0.543	0	0.569	156.760	231.619	655.200	0.026	31.389	243.844
30/10/2020	0.540	0	0.566	157.301	232.185	655.200	0.026	31.458	243.529
31/10/2020	0.538	0	0.563	157.838	232.749	655.200	0.026	31.528	243.132
01/11/2020	0.535	0	0.560	158.373	233.309	655.200	0.026	31.528	242.899
02/11/2020	0.533	0	0.558	158.906	233.867	655.200	0.025	31.528	242.595
03/11/2020	0.531	0	0.556	159.437	234.422	655.200	0.024	31.435	242.206
04/11/2020	0.530	0	0.553	159.967	234.976	655.200	0.024	31.342	241.735
05/11/2020	0.528	0	0.551	160.495	235.527	655.200	0.023	31.250	241.346
06/11/2020	0.528	0	0.551	161.024	236.078	655.200	0.023	31.250	241.346
07/11/2020	0.527	0	0.551	161.551	236.630	655.200	0.024	31.667	241.328
08/11/2020	0.526	0	0.550	162.076	237.180	655.200	0.024	31.875	241.171
09/11/2020	0.525	0	0.550	162.601	237.730	655.200	0.025	32.083	241.162
10/11/2020	0.524	0	0.549	163.126	238.279	655.200	0.025	32.058	241.165
11/11/2020	0.524	0	0.549	163.650	238.828	655.200	0.025	32.033	241.084
12/11/2020	0.524	0	0.549	164.174	239.377	655.200	0.025	32.008	241.087
13/11/2020	0.524	0	0.549	164.697	239.926	655.200	0.025	31.983	241.005
14/11/2020	0.523	0	0.548	165.220	240.474	655.200	0.025	31.957	240.927
15/11/2020	0.522	0	0.547	165.742	241.021	655.200	0.025	31.932	240.930
16/11/2020	0.522	0	0.547	166.265	241.568	655.200	0.025	31.906	240.849
17/11/2020	0.522	0	0.547	166.786	242.115	655.200	0.025	31.881	240.852
18/11/2020	0.522	0	0.547	167.308	242.661	655.200	0.025	31.856	240.771
19/11/2020	0.521	0	0.546	167.828	243.207	655.200	0.025	31.831	240.693
20/11/2020	0.521	0	0.546	168.349	243.753	655.200	0.025	31.806	240.693
21/11/2020	0.521	0	0.546	168.870	244.299	655.200	0.025	31.806	238.340
22/11/2020	0.519	0	0.543	169.389	244.842	655.200	0.024	31.806	238.037
23/11/2020	0.517	0	0.541	169.906	245.383	655.200	0.024	31.806	237.885
24/11/2020	0.516	0	0.540	170.422	245.923	655.200	0.024	31.806	237.645
25/11/2020	0.516	0	0.542	170.938	246.465	655.200	0.026	31.806	237.543
26/11/2020	0.516	0	0.540	171.453	247.005	655.200	0.024	31.806	237.403
27/11/2020	0.513	0	0.541	171.967	247.546	655.200	0.028	31.806	237.443
28/11/2020	0.511	0	0.542	172.478	248.088	655.200	0.031	31.806	237.559
29/11/2020	0.509	0	0.544	172.987	248.632	655.200	0.035	31.806	237.595
30/11/2020	0.506	0	0.544	173.493	249.176	655.200	0.038	31.806	237.716
01/12/2020	0.504	0	0.546	173.997	249.722	655.200	0.042	31.806	238.480
02/12/2020	0.508	0	0.551	174.505	250.273	655.200	0.043	31.956	238.993
03/12/2020	0.511	0	0.556	175.016	250.828	655.200	0.044	32.106	239.505
04/12/2020	0.515	0	0.561	175.531	251.390	655.200	0.047	32.257	240.083
05/12/2020	0.518	0	0.566	176.049	251.956	655.200	0.048	32.408	240.593
06/12/2020	0.522	0	0.571	176.570	252.526	655.200	0.049	32.558	241.101
07/12/2020	0.526	0	0.576	177.096	253.103	655.200	0.051	32.708	241.684
08/12/2020	0.483	0	0.515	177.578	253.617	655.200	0.032	30.903	235.552
09/12/2020	0.485	0	0.517	178.063	254.135	655.200	0.033	31.007	235.772
10/12/2020	0.486	0	0.519	178.549	254.653	655.200	0.033	31.111	236.004
11/12/2020	0.488	0	0.522	179.038	255.175	655.200	0.033	31.215	236.223
12/12/2020	0.490	0	0.523	179.527	255.698	655.200	0.033	31.319	236.455
13/12/2020	0.492	0	0.526	180.019	256.224	655.200	0.034	31.424	236.673
14/12/2020	0.493	0	0.527	180.512	256.751	655.200	0.034	31.528	236.906
15/12/2020	0.495	0	0.530	181.007	257.281	655.200	0.035	31.632	237.124
16/12/2020	0.469	0	0.498	181.476	257.778	655.200	0.029	30.069	233.741
17/12/2020	0.467	0	0.497	181.943	258.275	655.200	0.029	30.035	233.830
18/12/2020	0.465	0	0.494	182.408	258.769	655.200	0.028	30.000	233.929
19/12/2020	0.455	0	0.488	182.863	259.256	655.200	0.033	29.688	234.219
20/12/2020	0.444	0	0.481	183.308	259.737	655.200	0.036	29.375	234.448
21/12/2020	0.426	0	0.462	183.734	260.199	655.200	0.035	29.375	234.451
22/12/2020	0.422	0	0.458	184.156	260.656	655.200	0.035	29.375	234.245
23/12/2020	0.419	0	0.454	184.575	261.110	655.200	0.035	29.514	234.111
24/12/2020	0.415	0	0.450	184.990	261.560	655.200	0.035	29.653	233.974
25/12/2020	0.414	0	0.449	185.404	262.009	655.200	0.035	29.630	233.823
26/12/2020	0.413	0	0.447	185.817	262.456	655.200	0.035	29.606	233.672
27/12/2020	0.412	0	0.447	186.228	262.903	655.200	0.035	29.583	233.515
28/12/2020	0.410	0	0.445	186.639	263.348	655.200	0.035	29.560	233.363
29/12/2020	0.409	0	0.444	187.048	263.792	655.200	0.035	29.537	233.293
30/12/2020	0.408	0	0.442	187.456	264.234	655.200	0.035	29.514	233.551
31/12/2020	0.408	0	0.442	187.863	264.676	655.200	0.035	29.283	233.475
01/01/2021	0.408	0	0.442	188.271	265.119	655.200	0.035	29.051	233.481
02/01/2021	0.407	0	0.442	188.678	265.560	655.200	0.035	28.819	233.493
03/01/2021	0.407	0	0.442	189.085	266.002	655.200	0.035	28.588	233.498
04/01/2021	0.407	0	0.442	189.492	266.444	655.200	0.035	28.356	233.421
05/01/2021	0.407	0	0.442	189.899	266.885	655.200	0.035	28.125	233.425
06/01/2021	0.406	0	0.441	190.305	267.326	655.200	0.035	27.894	233.435
07/01/2021	0.406	0	0.441	190.711	267.767	655.200	0.035	27.662	233.438
08/01/2021	0.406	0	0.441	191.117	268.208	655.200	0.035	27.431	233.440
09/01/2021	0.406	0	0.441	191.524	268.649	655.200	0.035	27.431	233.601
10/01/2021	0.406	0	0.440	191.929	269.090	655.200	0.035	27.609	233.526
11/01/2021	0.405	0	0.440	192.334	269.529	655.200	0.035	27.788	233.368
12/01/2021	0.404	0	0.438	192.738	269.967	655.200	0.034	27.966	233.206
13/01/2021	0.403	0	0.437	193.141	270.404	655.200	0.034	28.145	233.134
14/01/2021	0.402	0	0.436	193.543	270.840	655.200	0.034	28.324	233.054
15/01/2021	0.401	0	0.435	193.944	271.275	655.200	0.033	28.502	232.889
16/01/2021	0.401	0	0.434	194.345	271.709	655.200	0.033	28.681	232.808
17/01/2021	0.401	0	0.434	194.746	272.143	655.200	0.033	28.681	230.841
18/01/2021	0.402	0	0.435	195.148	272.578	655.200	0.033	28.681	230.913
19/01/2021	0.403	0	0.436	195.551	273.015	655.200	0.033	28.681	231.073
20/01/2021	0.404	0	0.438	195.955	273.453	655.200	0.034	28.681	231.311
21/01/2021	0.406	0	0.440	196.360	273.892	655.200	0.034	28.681	231.464
22/01/2021	0.406	0	0.440	196.767	274.333	655.200	0.034	28.681	231.541
23/01/2021	0.408	0	0.442	197.174	274.774	655.200	0.034	28.681	231.694
24/01/2021	0.409	0	0.443	197.583	275.217	655.200	0.034	28.681	231.846
25/01/2021	0.410	0	0.445	197.994	275.663	655.200	0.035	28.681	232.000
26/01/2021	0.390	0	0.422	198.384	276.085	655.200	0.032	28.681	229.664
27/01/2021	0.388	0	0.420	198.772	276.505	655.200	0.032	28.681	229.677
28/01/2021	0.386	0	0.417	199.158	276.922	655.200	0.031	28.681	229.601
29/01/2021	0.385	0	0.416	199.543	277.338	655.200	0.031	28.681	229.609
30/01/2021	0.385	0	0.416	199.928	277.754	655.200	0.031	28.681	229.609
31/01/2021	0.385	0	0.416	200.313	278.170	655.200	0.031	28.681	229.609
01/02/2021	0.385	0	0.416	200.697	278.586	655.200	0.031	28.681	229.609
02/02/2021	0.385	0	0.416	201.082	279.002	655.200	0.031	28.681	229.609
03/02/2021	0.385	0	0.416	201.467	279.418	655.200	0.031	28.681	229.609
04/02/2021	0.385	0	0.416	201.851	279.834	655.200	0.031	28.681	229.609
05/02/2021	0.385	0	0.416	202.236	280.250	655.200	0.031	28.681	229.609
06/02/2021	0.385	0	0.417	202.621	280.667	655.200	0.032	28.681	229.781
07/02/2021	0.385	0	0.417	203.006	281.083	655.200	0.032	28.681	229.781
08/02/2021	0.385	0	0.417	203.390	281.500	655.200	0.032	28.681	229.781
09/02/2021	0.385	0	0.417	203.776	281.917	655.200	0.032	28.681	229.777
10/02/2021	0.385	0	0.417	204.161	282.335	655.200	0.032	28.681	229.777
11/02/2021	0.385	0	0.417	204.547	282.752	655.200	0.032	28.681	229.777
28/02/2021	0.383	0	0.414	211.063	289.788	655.200	0.031	28.681	229.528
01/03/2021	0.625	0	0.692	211.688	290.480	655.200	0.067	40.208	251.762
02/03/2021	0.611	0	0.660	212.299	291.140	655.200	0.049	38.889	245.770
03/03/2021	0.587	0	0.628	212.886	291.767	655.200	0.041	32.292	242.240
04/03/2021	0.557	0	0.583	213.443	292.350	655.200	0.026	32.569	237.764
05/03/2021	0.540	0	0.564	213.983	292.914	655.200	0.024	31.389	236.816
06/03/2021	0.528	0	0.551	214.511	293.465	655.200	0.023	31.806	236.726
07/03/2021	0.524	0	0.547	215.035	294.012	655.200	0.022	31.701	236.755
08/03/2021	0.521	0	0.543	215.556	294.555	655.200	0.022	31.597	236.849
09/03/2021	0.519	0	0.542	216.076	295.097	655.200	0.022	31.042	235.727
10/03/2021	0.518	0	0.540	216.594	295.637	655.200	0.022	30.486	234.687
11/03/2021	0.502	0	0.524	217.096	296.160	655.200	0.022	30.069	232.754
12/03/2021	0.483	0	0.505	217.579	296.665	655.200	0.022	29.792	232.195
13/03/2021	0.465	0	0.487	218.044	297.152	655.200	0.022	29.306	231.960
14/03/2021	0.463	0	0.484	218.507	297.636	655.200	0.022	29.306	231.332
15/03/2021	0.459	0	0.481	218.966	298.117	655.200	0.022	29.306	230.709
16/03/2021	0.455	0	0.476	219.421	298.592	655.200	0.021	28.403	230.250
17/03/2021	0.451	0	0.472	219.872	299.065	655.200	0.021	27.500	229.787
18/03/2021	0.445	0	0.467	220.317	299.531	655.200	0.022	27.535	229.740
19/03/2021	0.439	0	0.460	220.756	299.992	655.200	0.022	27.569	229.614
20/03/2021	0.442	0	0.464	221.199	300.456	655.200	0.022	28.299	229.915
21/03/2021	0.446	0	0.467	221.644	300.923	655.200	0.022	29.028	230.215
22/03/2021	0.443	0	0.464	222.088	301.387	655.200	0.021	28.472	229.589
23/03/2021	0.440	0	0.460	222.528	301.847	655.200	0.020	27.917	228.962
24/03/2021	0.435	0	0.455	222.963	302.302	655.200	0.019	27.486	228.584
25/03/2021	0.431	0	0.449	223.394	302.751	655.200	0.019	27.056	228.206
26/03/2021	0.426	0	0.444	223.819	303.195	655.200	0.018	26.625	227.826
27/03/2021	0.422	0	0.439	224.241	303.634	655.200	0.017	26.194	227.442
28/03/2021	0.417	0	0.434	224.658	304.068	655.200	0.017	25.764	227.146
29/03/2021	0.417	0	0.434	225.074	304.502	655.200	0.017	25.764	227.146
30/03/2021	0.418	0	0.435	225.492	304.938	655.200	0.017	26.042	227.378
31/03/2021	0.419	0	0.437	225.912	305.374	655.200	0.017	26.319	227.530
01/04/2021	0.420	0	0.438	226.332	305.812	655.200	0.017	26.597	227.765
02/04/2021	0.422	0	0.439	226.753	306.251	655.200	0.017	26.875	227.998
03/04/2021	0.423	0	0.441	227.176	306.692	655.200	0.018	27.153	228.235
04/04/2021	0.424	0	0.442	227.601	307.134	655.200	0.018	27.431	228.467
05/04/2021	0.409	0	0.425	228.010	307.559	655.200	0.016	24.097	225.734
06/04/2021	0.410	0	0.426	228.419	307.985	655.200	0.017	24.896	225.812
07/04/2021	0.410	0	0.426	228.829	308.412	655.200	0.017	25.694	225.717
08/04/2021	0.403	0	0.415	229.233	308.826	655.200	0.011	25.035	224.793
09/04/2021	0.397	0	0.402	229.629	309.228	655.200	0.006	24.375	223.836
10/04/2021	0.392	0	0.399	230.022	309.627	655.200	0.006	24.352	223.691
11/04/2021	0.388	0	0.394	230.409	310.021	655.200	0.006	24.328	223.369
12/04/2021	0.383	0	0.390	230.792	310.410	655.200	0.006	24.306	223.127
13/04/2021	0.383	0	0.390	231.176	310.800	655.200	0.006	24.306	223.127
14/04/2021	0.383	0	0.389	231.558	311.189	655.200	0.006	23.966	223.220
15/04/2021	0.381	0	0.387	231.940	311.576	655.200	0.006	23.626	223.311
16/04/2021	0.381	0	0.387	232.320	311.963	655.200	0.006	23.287	223.321
17/04/2021	0.380	0	0.386	232.700	312.349	655.200	0.006	22.947	223.409
18/04/2021	0.379	0	0.385	233.079	312.734	655.200	0.006	22.608	223.398
19/04/2021	0.378	0	0.384	233.458	313.118	655.200	0.006	22.269	223.404
20/04/2021	0.377	0	0.383	233.835	313.501	655.200	0.006	21.929	223.489
21/04/2021	0.376	0	0.382	234.211	313.883	655.200	0.006	21.590	223.571
22/04/2021	0.376	0	0.381	234.587	314.264	655.200	0.006	21.250	223.572
23/04/2021	0.371	0	0.376	234.958	314.640	655.200	0.006	21.250	223.742
24/04/2021	0.366	0	0.372	235.324	315.012	655.200	0.006	21.250	223.911
25/04/2021	0.361	0	0.367	235.685	315.378	655.200	0.006	21.250	224.000
26/04/2021	0.361	0	0.367	236.046	315.745	655.200	0.006	21.250	224.000
27/04/2021	0.361	0	0.367	236.407	316.112	655.200	0.006	21.250	224.000
28/04/2021	0.360	0	0.366	236.767	316.478	655.200	0.006	21.342	224.000
29/04/2021	0.360	0	0.365	237.127	316.842	655.200	0.005	21.435	223.897
30/04/2021	0.359	0	0.364	237.486	317.206	655.200	0.005	21.528	223.816
01/05/2021	0.359	0	0.364	237.845	317.570	655.200	0.005	21.528	223.816
02/05/2021	0.364	0	0.369	238.209	317.939	655.200	0.005	21.528	223.810
03/05/2021	0.369	0	0.374	238.578	318.313	655.200	0.005	21.528	223.724
04/05/2021	0.373	0	0.378	238.951	318.690	655.200	0.005	21.528	223.637
05/05/2021	0.378	0	0.383	239.328	319.073	655.200	0.005	21.528	223.549
06/05/2021	0.383	0	0.388	239.711	319.460	655.200	0.005	21.528	223.541
07/05/2021	0.388	0	0.392	240.099	319.853	655.200	0.005	21.528	223.454
08/05/2021	0.392	0	0.397	240.491	320.250	655.200	0.005	21.528	223.366
09/05/2021	0.388	0	0.392	240.878	320.642	655.200	0.005	22.569	222.331
10/05/2021	0.383	0	0.388	241.261	321.030	655.200	0.005	23.611	221.333
11/05/2021	0.376	0	0.381	241.637	321.410	655.200	0.005	23.333	221.013
12/05/2021	0.371	0	0.376	242.008	321.787	655.200	0.006	23.069	220.958
13/05/2021	0.369	0	0.374	242.376	322.161	655.200	0.006	23.056	220.875
14/05/2021	0.365	0	0.371	242.742	322.532	655.200	0.006	22.801	220.803
15/05/2021	0.363	0	0.368	243.104	322.900	655.200	0.006	22.547	220.650
16/05/2021	0.360	0	0.365	243.464	323.265	655.200	0.006	22.292	220.579
17/05/2021	0.360	0	0.365	243.824	323.631	655.200	0.006	22.292	220.579
18/05/2021	0.358	0	0.363	244.181	323.994	655.200	0.006	22.168	220.665
19/05/2021	0.356	0	0.361	244.537	324.355	655.200	0.006	22.044	220.751
20/05/2021	0.353	0	0.359	244.890	324.714	655.200	0.006	21.922	220.838
21/05/2021	0.351	0	0.357	245.242	325.071	655.200	0.006	21.798	220.924
22/05/2021	0.349	0	0.355	245.591	325.426	655.200	0.006	21.674	221.092
23/05/2021	0.347	0	0.353	245.938	325.778	655.200	0.006	21.551	221.178
24/05/2021	0.345	0	0.350	246.283	326.128	655.200	0.005	21.428	221.157
25/05/2021	0.343	0	0.348	246.626	326.476	655.200	0.005	21.304	221.242
26/05/2021	0.341	0	0.346	246.967	326.822	655.200	0.005	21.181	221.409
27/05/2021	0.341	0	0.346	247.308	327.168	655.200	0.005	21.181	220.921
28/05/2021	0.341	0	0.346	247.649	327.514	655.200	0.005	21.181	220.514
29/05/2021	0.341	0	0.346	247.990	327.860	655.200	0.005	21.181	220.106
30/05/2021	0.341	0	0.346	248.331	328.206	655.200	0.005	21.181	219.616
31/05/2021	0.341	0	0.346	248.672	328.551	655.200	0.005	21.181	219.616
01/06/2021	0.342	0	0.347	249.014	328.898	655.200	0.005	21.215	219.614
02/06/2021	0.342	0	0.347	249.356	329.244	655.200	0.005	21.250	219.612
03/06/2021	0.342	0	0.347	249.697	329.591	655.200	0.005	21.285	219.528
04/06/2021	0.342	0	0.347	250.040	329.938	655.200	0.005	21.319	219.527
05/06/2021	0.342	0	0.347	250.382	330.285	655.200	0.005	21.354	219.525
06/06/2021	0.343	0	0.348	250.725	330.633	655.200	0.005	21.389	219.442
07/06/2021	0.343	0	0.348	251.068	330.981	655.200	0.005	21.424	219.440
08/06/2021	0.343	0	0.348	251.411	331.329	655.200	0.005	21.458	219.438
09/06/2021	0.344	0	0.349	251.755	331.678	655.200	0.005	21.493	219.355
10/06/2021	0.344	0	0.349	252.099	332.027	655.200	0.006	21.528	219.460
11/06/2021	0.343	0	0.349	252.442	332.376	655.200	0.006	21.428	219.220
12/06/2021	0.343	0	0.349	252.785	332.724	655.200	0.006	21.329	218.980
13/06/2021	0.342	0	0.348	253.127	333.072	655.200	0.006	21.230	218.739
14/06/2021	0.342	0	0.347	253.469	333.419	655.200	0.006	21.131	218.499
15/06/2021	0.342	0	0.347	253.810	333.767	655.200	0.006	21.032	218.341
16/06/2021	0.341	0	0.347	254.151	334.113	655.200	0.006	20.933	218.100
17/06/2021	0.340	0	0.346	254.492	334.459	655.200	0.006	20.833	217.860
18/06/2021	0.339	0	0.344	254.831	334.804	655.200	0.006	20.833	218.022
19/06/2021	0.338	0	0.343	255.168	335.147	655.200	0.006	20.833	218.102
20/06/2021	0.336	0	0.342	255.504	335.488	655.200	0.006	20.833	218.264
21/06/2021	0.335	0	0.341	255.839	335.829	655.200	0.006	20.833	218.537
22/06/2021	0.333	0	0.340	256.172	336.169	655.200	0.006	20.833	218.617
23/06/2021	0.332	0	0.338	256.504	336.507	655.200	0.006	20.833	218.780
24/06/2021	0.331	0	0.337	256.835	336.844	655.200	0.006	20.833	218.943
25/06/2021	0.330	0	0.336	257.165	337.180	655.200	0.006	20.920	218.853
26/06/2021	0.329	0	0.335	257.494	337.515	655.200	0.006	21.007	218.845
27/06/2021	0.328	0	0.335	257.822	337.850	655.200	0.006	21.094	218.755
28/06/2021	0.328	0	0.334	258.150	338.184	655.200	0.006	21.181	218.746
29/06/2021	0.328	0	0.334	258.478	338.518	655.200	0.006	21.181	218.746
30/06/2021	0.327	0	0.333	258.805	338.851	655.200	0.006	21.158	218.499
01/07/2021	0.326	0	0.332	259.131	339.183	655.200	0.006	21.134	218.249
02/07/2021	0.325	0	0.331	259.456	339.515	655.200	0.006	21.111	218.001
03/07/2021	0.324	0	0.331	259.780	339.845	655.200	0.006	21.088	217.752
04/07/2021	0.324	0	0.330	260.103	340.175	655.200	0.006	21.065	217.503
05/07/2021	0.323	0	0.329	260.426	340.504	655.200	0.006	21.042	217.254
06/07/2021	0.322	0	0.328	260.748	340.832	655.200	0.006	21.019	217.086
07/07/2021	0.323	0	0.329	261.071	341.161	655.200	0.006	21.042	217.254
08/07/2021	0.321	0	0.327	261.392	341.488	655.200	0.006	21.016	217.167
09/07/2021	0.319	0	0.326	261.710	341.814	655.200	0.007	20.990	217.196
10/07/2021	0.317	0	0.324	262.027	342.138	655.200	0.007	20.964	217.025
11/07/2021	0.315	0	0.322	262.342	342.459	655.200	0.007	20.938	216.939
12/07/2021	0.313	0	0.319	262.654	342.779	655.200	0.007	20.912	216.851
13/07/2021	0.310	0	0.318	262.965	343.097	655.200	0.008	20.885	216.798
14/07/2021	0.308	0	0.316	263.273	343.413	655.200	0.008	20.860	216.710
15/07/2021	0.306	0	0.314	263.579	343.726	655.200	0.008	20.833	216.623
16/07/2021	0.306	0	0.314	263.885	344.040	655.200	0.008	20.824	216.456
17/07/2021	0.306	0	0.315	264.192	344.355	655.200	0.008	20.813	216.492
18/07/2021	0.306	0	0.315	264.498	344.669	655.200	0.008	20.803	216.409
19/07/2021	0.306	0	0.314	264.803	344.983	655.200	0.008	20.794	216.239
20/07/2021	0.306	0	0.314	265.109	345.297	655.200	0.008	20.784	216.156
21/07/2021	0.306	0	0.314	265.415	345.611	655.200	0.008	20.774	216.073
22/07/2021	0.306	0	0.314	265.720	345.925	655.200	0.008	20.764	215.905
23/07/2021	0.306	0	0.315	266.026	346.240	655.200	0.008	20.773	215.991
24/07/2021	0.306	0	0.315	266.333	346.554	655.200	0.008	20.781	216.074
25/07/2021	0.307	0	0.315	266.640	346.869	655.200	0.008	20.790	216.159
26/07/2021	0.308	0	0.316	266.947	347.185	655.200	0.008	20.799	216.161
27/07/2021	0.308	0	0.316	267.255	347.501	655.200	0.008	20.808	216.244
28/07/2021	0.308	0	0.317	267.563	347.818	655.200	0.008	20.816	216.329
29/07/2021	0.308	0	0.317	267.872	348.135	655.200	0.008	20.825	216.328
30/07/2021	0.309	0	0.317	268.181	348.452	655.200	0.008	20.833	216.413
31/07/2021	0.310	0	0.318	268.490	348.770	655.200	0.008	20.926	216.403
01/08/2021	0.310	0	0.319	268.801	349.089	655.200	0.008	21.019	216.478
02/08/2021	0.311	0	0.319	269.112	349.408	655.200	0.008	21.111	216.469
03/08/2021	0.312	0	0.320	269.424	349.728	655.200	0.008	21.203	216.459
04/08/2021	0.313	0	0.321	269.736	350.049	655.200	0.008	21.297	216.449
05/08/2021	0.313	0	0.322	270.049	350.371	655.200	0.008	21.389	216.524
06/08/2021	0.314	0	0.322	270.363	350.692	655.200	0.008	21.481	216.399
07/08/2021	0.314	0	0.322	270.677	351.014	655.200	0.008	21.574	216.387
08/08/2021	0.315	0	0.322	270.992	351.336	655.200	0.008	21.667	216.462
09/08/2021	0.315	0	0.323	271.307	351.659	655.200	0.008	21.759	216.453
10/08/2021	0.316	0	0.324	271.623	351.983	655.200	0.008	21.852	216.443
11/08/2021	0.317	0	0.324	271.940	352.307	655.200	0.008	21.944	216.434
12/08/2021	0.315	0	0.323	272.255	352.630	655.200	0.008	21.905	216.349
13/08/2021	0.314	0	0.322	272.569	352.951	655.200	0.008	21.865	216.264
14/08/2021	0.313	0	0.320	272.881	353.272	655.200	0.008	21.826	216.093
15/08/2021	0.311	0	0.319	273.192	353.590	655.200	0.008	21.785	216.008
16/08/2021	0.310	0	0.317	273.502	353.908	655.200	0.008	21.746	215.837
17/08/2021	0.308	0	0.315	273.810	354.223	655.200	0.008	21.706	215.748
18/08/2021	0.306	0	0.314	274.116	354.537	655.200	0.008	21.667	215.577
19/08/2021	0.305	0	0.313	274.421	354.849	655.200	0.008	21.627	215.491
20/08/2021	0.306	0	0.314	274.727	355.163	655.200	0.008	21.667	215.577
21/08/2021	0.306	0	0.314	275.033	355.477	655.200	0.008	21.667	215.407
22/08/2021	0.306	0	0.313	275.339	355.790	655.200	0.008	21.667	215.147
23/08/2021	0.306	0	0.313	275.644	356.103	655.200	0.008	21.667	214.976
24/08/2021	0.305	0	0.313	275.949	356.416	655.200	0.008	21.667	214.715
25/08/2021	0.305	0	0.313	276.254	356.728	655.200	0.008	21.667	214.544
26/08/2021	0.304	0	0.312	276.558	357.040	655.200	0.008	21.667	214.368
27/08/2021	0.304	0	0.312	276.863	357.352	655.200	0.008	21.667	214.110
28/08/2021	0.303	0	0.311	277.166	357.663	655.200	0.008	21.667	213.934
29/08/2021	0.303	0	0.311	277.469	357.974	655.200	0.008	21.667	213.676
30/08/2021	0.303	0	0.310	277.772	358.285	655.200	0.008	21.667	213.499
31/08/2021	0.302	0	0.310	278.074	358.594	655.200	0.008	21.667	213.322
01/09/2021	0.302	0	0.310	278.376	358.904	655.200	0.008	21.667	213.062
02/09/2021	0.302	0	0.310	278.678	359.214	655.200	0.008	21.667	213.062
03/09/2021	0.302	0	0.310	278.981	359.524	655.200	0.008	21.713	212.967
04/09/2021	0.301	0	0.309	279.282	359.833	655.200	0.008	21.759	212.867
05/09/2021	0.301	0	0.309	279.583	360.142	655.200	0.008	21.806	212.771
06/09/2021	0.301	0	0.309	279.885	360.451	655.200	0.008	21.852	212.676
07/09/2021	0.301	0	0.308	280.185	360.759	655.200	0.008	21.898	212.575
08/09/2021	0.301	0	0.308	280.486	361.067	655.200	0.008	21.944	212.479
09/09/2021	0.301	0	0.308	280.787	361.376	655.200	0.008	21.991	212.382
10/09/2021	0.300	0	0.308	281.087	361.683	655.200	0.008	22.037	212.281
11/09/2021	0.300	0	0.308	281.387	361.991	655.200	0.008	22.083	212.184
12/09/2021	0.300	0	0.308	281.687	362.299	655.200	0.008	22.130	212.087
13/09/2021	0.299	0	0.307	281.986	362.606	655.200	0.008	22.176	211.984
14/09/2021	0.299	0	0.307	282.285	362.913	655.200	0.008	22.222	211.887
15/09/2021	0.299	0	0.307	282.585	363.219	655.200	0.008	22.269	211.789
16/09/2021	0.299	0	0.306	282.883	363.526	655.200	0.008	22.315	211.686
17/09/2021	0.299	0	0.307	283.182	363.833	655.200	0.008	22.361	211.709
18/09/2021	0.299	0	0.307	283.481	364.140	655.200	0.008	22.361	211.709
19/09/2021	0.299	0	0.306	283.779	364.446	655.200	0.008	22.408	211.578
20/09/2021	0.299	0	0.306	284.078	364.752	655.200	0.008	22.453	211.480
21/09/2021	0.299	0	0.306	284.376	365.058	655.200	0.008	22.500	211.381
22/09/2021	0.299	0	0.306	284.675	365.365	655.200	0.008	22.547	211.371
23/09/2021	0.299	0	0.306	284.974	365.671	655.200	0.008	22.592	211.272
24/09/2021	0.299	0	0.306	285.272	365.977	655.200	0.008	22.639	211.173
25/09/2021	0.299	0	0.306	285.571	366.283	655.200	0.008	22.685	211.074
26/09/2021	0.299	0	0.306	285.869	366.590	655.200	0.008	22.731	211.064
27/09/2021	0.299	0	0.306	286.168	366.896	655.200	0.008	22.778	210.964
28/09/2021	0.299	0	0.306	286.467	367.202	655.200	0.008	22.824	210.864
29/09/2021	0.299	0	0.306	286.765	367.508	655.200	0.008	22.870	210.765
30/09/2021	0.299	0	0.306	287.064	367.815	655.200	0.008	22.917	210.754
01/10/2021	0.299	0	0.306	287.363	368.121	655.200	0.008	22.917	210.754
02/10/2021	0.299	0	0.306	287.661	368.427	655.200	0.008	22.924	210.752
03/10/2021	0.299	0	0.306	287.960	368.733	655.200	0.008	22.932	210.750
04/10/2021	0.299	0	0.306	288.258	369.040	655.200	0.008	22.940	210.749
05/10/2021	0.299	0	0.306	288.557	369.346	655.200	0.008	22.947	210.836
06/10/2021	0.299	0	0.306	288.856	369.652	655.200	0.008	22.956	210.834
07/10/2021	0.299	0	0.306	289.154	369.958	655.200	0.008	22.963	210.832
08/10/2021	0.299	0	0.306	289.453	370.265	655.200	0.008	22.971	210.830
09/10/2021	0.299	0	0.306	289.751	370.571	655.200	0.008	22.978	210.918
10/10/2021	0.298	0	0.306	290.049	370.876	655.200	0.008	22.986	210.909
11/10/2021	0.298	0	0.306	290.347	371.182	655.200	0.008	22.994	210.907
12/10/2021	0.298	0	0.306	290.645	371.488	655.200	0.008	23.001	210.906
13/10/2021	0.298	0	0.306	290.943	371.793	655.200	0.008	23.009	210.904
14/10/2021	0.298	0	0.306	291.241	372.099	655.200	0.008	23.017	210.991
15/10/2021	0.298	0	0.306	291.539	372.404	655.200	0.008	23.025	210.989
16/10/2021	0.298	0	0.306	291.837	372.710	655.200	0.008	23.033	210.988
17/10/2021	0.298	0	0.305	292.135	373.015	655.200	0.007	23.040	210.864
18/10/2021	0.298	0	0.305	292.433	373.319	655.200	0.007	23.048	210.951
19/10/2021	0.298	0	0.305	292.731	373.624	655.200	0.007	23.056	210.949
20/10/2021	0.298	0	0.305	293.028	373.929	655.200	0.007	23.025	210.956
21/10/2021	0.298	0	0.305	293.326	374.234	655.200	0.007	22.994	210.964
22/10/2021	0.298	0	0.305	293.624	374.539	655.200	0.007	22.963	210.971
23/10/2021	0.298	0	0.305	293.922	374.844	655.200	0.007	22.932	210.978
24/10/2021	0.297	0	0.304	294.219	375.148	655.200	0.007	22.901	210.978
25/10/2021	0.297	0	0.304	294.517	375.452	655.200	0.007	22.870	210.985
26/10/2021	0.297	0	0.304	294.814	375.756	655.200	0.007	22.840	210.992
27/10/2021	0.297	0	0.304	295.111	376.060	655.200	0.007	22.808	210.999
28/10/2021	0.297	0	0.304	295.408	376.365	655.200	0.007	22.778	211.006
29/10/2021	0.297	0	0.304	295.706	376.669	655.200	0.007	22.747	211.013
30/10/2021	0.297	0	0.304	296.003	376.973	655.200	0.007	22.716	210.932
31/10/2021	0.297	0	0.304	296.300	377.277	655.200	0.007	22.685	210.939
01/11/2021	0.297	0	0.304	296.597	377.581	655.200	0.007	22.654	210.946
02/11/2021	0.297	0	0.304	296.894	377.885	655.200	0.007	22.624	210.953
03/11/2021	0.297	0	0.303	297.191	378.189	655.200	0.007	22.592	210.953
04/11/2021	0.297	0	0.303	297.488	378.492	655.200	0.007	22.562	210.960
05/11/2021	0.297	0	0.303	297.784	378.796	655.200	0.007	22.531	210.967
06/11/2021	0.297	0	0.303	298.081	379.099	655.200	0.007	22.500	210.974
07/11/2021	0.297	0	0.303	298.377	379.403	655.200	0.007	22.503	211.151
08/11/2021	0.297	0	0.304	298.674	379.707	655.200	0.007	22.506	211.245
09/11/2021	0.297	0	0.304	298.972	380.011	655.200	0.007	22.509	211.333
10/11/2021	0.298	0	0.305	299.269	380.316	655.200	0.007	22.512	211.427
11/11/2021	0.298	0	0.305	299.567	380.621	655.200	0.007	22.515	211.603
12/11/2021	0.298	0	0.305	299.865	380.926	655.200	0.007	22.518	211.691
13/11/2021	0.299	0	0.306	300.164	381.231	655.200	0.007	22.521	211.784
14/11/2021	0.299	0	0.306	300.463	381.537	655.200	0.007	22.524	211.872
15/11/2021	0.299	0	0.306	300.761	381.842	655.200	0.007	22.527	212.047
16/11/2021	0.299	0	0.306	301.060	382.149	655.200	0.007	22.530	212.141
17/11/2021	0.299	0	0.306	301.360	382.455	655.200	0.007	22.533	212.228
18/11/2021	0.299	0	0.306	301.659	382.761	655.200	0.007	22.536	212.315
19/11/2021	0.300	0	0.307	301.959	383.068	655.200	0.007	22.540	212.496
20/11/2021	0.300	0	0.307	302.259	383.375	655.200	0.007	22.542	212.583
21/11/2021	0.300	0	0.307	302.559	383.682	655.200	0.007	22.545	212.670
22/11/2021	0.301	0	0.308	302.860	383.990	655.200	0.007	22.549	212.763
23/11/2021	0.301	0	0.308	303.160	384.297	655.200	0.007	22.551	212.937
24/11/2021	0.301	0	0.308	303.461	384.605	655.200	0.007	22.554	213.024
25/11/2021	0.301	0	0.308	303.763	384.913	655.200	0.007	22.558	213.116
26/11/2021	0.301	0	0.308	304.064	385.222	655.200	0.007	22.560	213.203
27/11/2021	0.301	0	0.308	304.365	385.530	655.200	0.007	22.563	213.377
28/11/2021	0.302	0	0.309	304.667	385.839	655.200	0.007	22.567	213.469
29/11/2021	0.302	0	0.309	304.969	386.148	655.200	0.007	22.569	213.556
30/11/2021	0.303	0	0.310	305.272	386.458	655.200	0.007	22.572	213.647
01/12/2021	0.303	0	0.310	305.575	386.767	655.200	0.007	22.576	213.734
02/12/2021	0.302	0	0.309	305.877	387.076	655.200	0.007	22.569	213.556
03/12/2021	0.302	0	0.309	306.179	387.385	655.200	0.007	22.506	213.394
04/12/2021	0.301	0	0.308	306.481	387.694	655.200	0.007	22.441	213.226
05/12/2021	0.301	0	0.308	306.781	388.001	655.200	0.007	22.377	213.059
06/12/2021	0.300	0	0.307	307.081	388.308	655.200	0.007	22.313	212.804
07/12/2021	0.300	0	0.307	307.381	388.615	655.200	0.007	22.249	212.642
08/12/2021	0.299	0	0.306	307.681	388.921	655.200	0.006	22.185	212.352
09/12/2021	0.299	0	0.305	307.979	389.226	655.200	0.006	22.121	212.184
10/12/2021	0.299	0	0.305	308.278	389.531	655.200	0.006	22.057	212.022
11/12/2021	0.298	0	0.304	308.576	389.835	655.200	0.006	21.992	211.854
12/12/2021	0.297	0	0.303	308.873	390.138	655.200	0.006	21.928	211.598
13/12/2021	0.297	0	0.303	309.170	390.442	655.200	0.006	21.865	211.436
14/12/2021	0.297	0	0.303	309.467	390.744	655.200	0.006	21.800	211.268
15/12/2021	0.296	0	0.302	309.763	391.047	655.200	0.006	21.736	211.099
16/12/2021	0.294	0	0.301	310.057	391.347	655.200	0.006	21.693	211.008
17/12/2021	0.293	0	0.299	310.350	391.647	655.200	0.006	21.651	210.917
18/12/2021	0.292	0	0.298	310.642	391.944	655.200	0.006	21.608	210.795
19/12/2021	0.291	0	0.297	310.933	392.241	655.200	0.006	21.565	210.703
20/12/2021	0.290	0	0.295	311.223	392.536	655.200	0.006	21.522	210.611
21/12/2021	0.288	0	0.294	311.511	392.830	655.200	0.006	21.480	210.518
22/12/2021	0.287	0	0.292	311.798	393.122	655.200	0.006	21.437	210.426
23/12/2021	0.285	0	0.291	312.083	393.413	655.200	0.006	21.394	210.422
24/12/2021	0.285	0	0.290	312.368	393.703	655.200	0.006	21.351	210.336
25/12/2021	0.283	0	0.289	312.651	393.992	655.200	0.006	21.309	210.244
26/12/2021	0.282	0	0.288	312.933	394.280	655.200	0.006	21.266	210.151
27/12/2021	0.281	0	0.286	313.214	394.566	655.200	0.006	21.224	210.147
28/12/2021	0.279	0	0.285	313.493	394.851	655.200	0.006	21.181	210.054
29/12/2021	0.278	0	0.283	313.771	395.134	655.200	0.006	21.528	209.419
30/12/2021	0.277	0	0.283	314.048	395.417	655.200	0.006	21.875	208.781
31/12/2021	0.274	0	0.278	314.322	395.695	655.200	0.005	21.783	208.267
01/01/2022	0.271	0	0.276	314.592	395.971	655.200	0.005	21.690	207.892
02/01/2022	0.268	0	0.273	314.860	396.244	655.200	0.005	21.597	207.516
03/01/2022	0.265	0	0.269	315.125	396.513	655.200	0.005	21.505	207.037
04/01/2022	0.262	0	0.267	315.387	396.780	655.200	0.005	21.412	206.657
05/01/2022	0.259	0	0.264	315.646	397.044	655.200	0.005	21.319	206.275
06/01/2022	0.257	0	0.262	315.903	397.306	655.200	0.005	21.319	206.242
07/01/2022	0.256	0	0.260	316.158	397.566	655.200	0.005	21.319	206.220
08/01/2022	0.254	0	0.259	316.413	397.825	655.200	0.005	21.319	206.197
09/01/2022	0.253	0	0.258	316.665	398.083	655.200	0.005	21.319	206.175
10/01/2022	0.251	0	0.256	316.917	398.339	655.200	0.005	21.319	206.151
11/01/2022	0.250	0	0.255	317.167	398.594	655.200	0.005	21.319	206.128
12/01/2022	0.248	0	0.253	317.415	398.847	655.200	0.005	21.319	206.092
13/01/2022	0.247	0	0.251	317.661	399.098	655.200	0.005	21.319	206.068
14/01/2022	0.245	0	0.250	317.906	399.348	655.200	0.005	21.319	206.044
15/01/2022	0.244	0	0.249	318.150	399.597	655.200	0.005	21.319	206.019
16/01/2022	0.244	0	0.249	318.394	399.845	655.200	0.005	21.319	206.019
17/01/2022	0.244	0	0.249	318.638	400.094	655.200	0.005	21.133	206.455
18/01/2022	0.243	0	0.248	318.881	400.342	655.200	0.005	20.946	206.968
19/01/2022	0.243	0	0.248	319.124	400.590	655.200	0.005	20.758	207.397
20/01/2022	0.243	0	0.248	319.367	400.838	655.200	0.005	20.572	207.821
21/01/2022	0.242	0	0.247	319.609	401.085	655.200	0.005	20.385	208.323
22/01/2022	0.242	0	0.247	319.851	401.332	655.200	0.005	20.198	208.740
23/01/2022	0.242	0	0.247	320.094	401.579	655.200	0.005	20.010	209.155
24/01/2022	0.242	0	0.247	320.335	401.826	655.200	0.005	19.824	209.645
25/01/2022	0.242	0	0.247	320.577	402.072	655.200	0.005	19.637	210.053
26/01/2022	0.242	0	0.247	320.819	402.319	655.200	0.005	19.450	210.545
27/01/2022	0.241	0	0.246	321.060	402.565	655.200	0.005	19.263	210.938
28/01/2022	0.241	0	0.246	321.301	402.810	655.200	0.005	19.076	211.335
29/01/2022	0.241	0	0.246	321.542	403.056	655.200	0.005	18.889	211.817
30/01/2022	0.240	0	0.244	321.782	403.301	655.200	0.004	18.857	211.228
31/01/2022	0.240	0	0.244	322.022	403.544	655.200	0.004	18.825	210.878
01/02/2022	0.239	0	0.243	322.260	403.788	655.200	0.004	18.793	210.527
02/02/2022	0.238	0	0.242	322.499	404.030	655.200	0.004	18.760	210.176
03/02/2022	0.238	0	0.242	322.737	404.272	655.200	0.004	18.728	209.832
04/02/2022	0.238	0	0.242	322.974	404.514	655.200	0.004	18.697	209.391
05/02/2022	0.237	0	0.241	323.211	404.755	655.200	0.004	18.665	209.037
06/02/2022	0.236	0	0.240	323.447	404.995	655.200	0.004	18.633	208.683
07/02/2022	0.236	0	0.240	323.683	405.235	655.200	0.004	18.601	208.336
08/02/2022	0.235	0	0.240	323.919	405.475	655.200	0.004	18.568	207.891
09/02/2022	0.235	0	0.239	324.153	405.714	655.200	0.004	18.536	207.534
10/02/2022	0.234	0	0.238	324.388	405.952	655.200	0.004	18.504	207.177
11/02/2022	0.234	0	0.238	324.622	406.190	655.200	0.004	18.472	206.828
12/02/2022	0.235	0	0.239	324.856	406.429	655.200	0.004	18.499	207.813
13/02/2022	0.235	0	0.240	325.092	406.669	655.200	0.004	18.526	208.881
14/02/2022	0.236	0	0.240	325.328	406.909	655.200	0.004	18.552	209.941
15/02/2022	0.237	0	0.241	325.565	407.150	655.200	0.004	18.579	210.907
16/02/2022	0.238	0	0.242	325.802	407.392	655.200	0.004	18.606	211.955
17/02/2022	0.238	0	0.242	326.040	407.634	655.200	0.004	18.633	212.997
18/02/2022	0.240	0	0.244	326.280	407.878	655.200	0.004	18.659	213.954
19/02/2022	0.240	0	0.244	326.520	408.122	655.200	0.004	18.686	214.985
20/02/2022	0.241	0	0.245	326.761	408.367	655.200	0.004	18.713	216.011
21/02/2022	0.242	0	0.246	327.003	408.613	655.200	0.004	18.740	216.947
22/02/2022	0.242	0	0.247	327.245	408.860	655.200	0.004	18.766	217.965
23/02/2022	0.243	0	0.247	327.488	409.107	655.200	0.004	18.793	218.978
24/02/2022	0.244	0	0.249	327.733	409.356	655.200	0.004	18.819	219.907
25/02/2022	0.245	0	0.249	327.978	409.605	655.200	0.004	18.846	220.912
26/02/2022	0.244	0	0.249	328.222	409.853	655.200	0.004	18.819	219.907
27/02/2022	0.245	0	0.249	328.467	410.103	655.200	0.004	18.917	219.141
28/02/2022	0.247	0	0.251	328.714	410.353	655.200	0.004	19.014	218.376
01/03/2022	0.247	0	0.251	328.961	410.605	655.200	0.004	19.111	217.604
02/03/2022	0.249	0	0.253	329.210	410.858	655.200	0.004	19.208	216.834
03/03/2022	0.250	0	0.255	329.460	411.113	655.200	0.005	19.306	216.208
04/03/2022	0.251	0	0.256	329.710	411.368	655.200	0.005	19.403	215.426
05/03/2022	0.252	0	0.257	329.963	411.625	655.200	0.005	19.500	214.560
06/03/2022	0.253	0	0.258	330.215	411.883	655.200	0.005	19.597	213.771
07/03/2022	0.254	0	0.259	330.469	412.142	655.200	0.005	19.694	212.983
08/03/2022	0.256	0	0.260	330.725	412.402	655.200	0.005	19.792	212.192
09/03/2022	0.256	0	0.261	330.981	412.663	655.200	0.005	19.889	211.391
10/03/2022	0.258	0	0.263	331.239	412.926	655.200	0.005	19.986	210.591
11/03/2022	0.258	0	0.264	331.497	413.190	655.200	0.006	20.083	209.833
12/03/2022	0.260	0	0.265	331.757	413.455	655.200	0.006	20.181	209.023
13/03/2022	0.260	0	0.266	332.017	413.721	655.200	0.006	20.278	208.200
14/03/2022	0.261	0	0.267	332.278	413.988	655.200	0.006	20.278	208.209
15/03/2022	0.260	0	0.266	332.539	414.253	655.200	0.006	20.245	208.030
16/03/2022	0.260	0	0.266	332.799	414.519	655.200	0.006	20.213	207.949
17/03/2022	0.260	0	0.266	333.060	414.785	655.200	0.006	20.181	207.778
18/03/2022	0.260	0	0.265	333.320	415.051	655.200	0.005	20.148	207.467
19/03/2022	0.260	0	0.265	333.581	415.316	655.200	0.005	20.116	207.386
20/03/2022	0.260	0	0.265	333.841	415.581	655.200	0.005	20.083	207.215
21/03/2022	0.260	0	0.265	334.101	415.847	655.200	0.005	20.051	207.044
22/03/2022	0.260	0	0.265	334.362	416.112	655.200	0.005	20.019	206.963
23/03/2022	0.260	0	0.265	334.622	416.376	655.200	0.005	19.986	206.783
24/03/2022	0.260	0	0.265	334.881	416.641	655.200	0.005	19.953	206.612
25/03/2022	0.260	0	0.265	335.141	416.906	655.200	0.005	19.922	206.531
26/03/2022	0.260	0	0.265	335.401	417.170	655.200	0.005	19.889	206.360
27/03/2022	0.260	0	0.265	335.660	417.435	655.200	0.005	19.792	205.936
28/03/2022	0.258	0	0.262	335.919	417.697	655.200	0.004	19.659	205.180
29/03/2022	0.257	0	0.261	336.176	417.958	655.200	0.004	19.526	204.563
30/03/2022	0.256	0	0.260	336.431	418.218	655.200	0.004	19.394	203.944
31/03/2022	0.254	0	0.258	336.685	418.476	655.200	0.004	19.261	203.324
01/04/2022	0.253	0	0.257	336.938	418.733	655.200	0.004	19.128	202.701
02/04/2022	0.251	0	0.255	337.189	418.988	655.200	0.004	18.997	202.065
03/04/2022	0.249	0	0.253	337.438	419.242	655.200	0.004	18.864	201.438
04/04/2022	0.248	0	0.252	337.686	419.494	655.200	0.004	18.731	200.808
05/04/2022	0.247	0	0.251	337.933	419.744	655.200	0.004	18.599	200.176
06/04/2022	0.245	0	0.249	338.178	419.994	655.200	0.004	18.466	199.542
07/04/2022	0.244	0	0.248	338.422	420.242	655.200	0.004	18.333	198.904
08/04/2022	0.244	0	0.249	338.666	420.490	655.200	0.004	18.398	200.219
09/04/2022	0.245	0	0.249	338.911	420.740	655.200	0.004	18.463	201.517
10/04/2022	0.246	0	0.250	339.157	420.990	655.200	0.004	18.528	202.709
11/04/2022	0.247	0	0.251	339.403	421.241	655.200	0.005	18.592	204.129
12/04/2022	0.247	0	0.252	339.651	421.493	655.200	0.005	18.658	205.389
13/04/2022	0.248	0	0.253	339.899	421.746	655.200	0.005	18.722	206.548
14/04/2022	0.249	0	0.253	340.147	421.999	655.200	0.005	18.787	207.788
15/04/2022	0.249	0	0.253	340.396	422.253	655.200	0.005	18.852	208.923
16/04/2022	0.249	0	0.254	340.645	422.507	655.200	0.005	18.917	210.146
17/04/2022	0.250	0	0.255	340.895	422.762	655.200	0.005	18.981	211.361
18/04/2022	0.251	0	0.256	341.146	423.017	655.200	0.005	19.047	212.482
19/04/2022	0.251	0	0.256	341.397	423.274	655.200	0.005	19.111	213.684
20/04/2022	0.252	0	0.257	341.649	423.531	655.200	0.005	19.176	214.879
21/04/2022	0.253	0	0.258	341.902	423.788	655.200	0.005	19.241	215.983
22/04/2022	0.253	0	0.258	342.156	424.047	655.200	0.005	19.306	217.168
23/04/2022	0.253	0	0.258	342.408	424.304	655.200	0.005	19.242	216.494
24/04/2022	0.252	0	0.257	342.660	424.561	655.200	0.005	19.179	215.733
25/04/2022	0.251	0	0.256	342.911	424.817	655.200	0.005	19.116	215.051
26/04/2022	0.250	0	0.255	343.161	425.072	655.200	0.005	19.053	214.286
27/04/2022	0.249	0	0.254	343.410	425.326	655.200	0.005	18.990	213.605
28/04/2022	0.249	0	0.253	343.659	425.579	655.200	0.005	18.927	212.922
29/04/2022	0.248	0	0.253	343.907	425.832	655.200	0.005	18.864	212.150
30/04/2022	0.247	0	0.252	344.154	426.084	655.200	0.005	18.801	211.462
01/05/2022	0.246	0	0.251	344.400	426.335	655.200	0.005	18.738	210.679
02/05/2022	0.245	0	0.250	344.645	426.585	655.200	0.005	18.674	209.986
03/05/2022	0.244	0	0.249	344.890	426.834	655.200	0.005	18.611	209.203
04/05/2022	0.244	0	0.249	345.134	427.083	655.200	0.005	18.611	209.203
05/05/2022	0.244	0	0.249	345.378	427.332	655.200	0.004	18.569	209.152
06/05/2022	0.244	0	0.248	345.622	427.580	655.200	0.004	18.528	209.243
07/05/2022	0.244	0	0.248	345.866	427.828	655.200	0.004	18.486	209.341
08/05/2022	0.243	0	0.247	346.109	428.075	655.200	0.004	18.444	209.432
09/05/2022	0.243	0	0.247	346.352	428.322	655.200	0.004	18.403	209.530
10/05/2022	0.242	0	0.247	346.594	428.569	655.200	0.004	18.361	209.621
11/05/2022	0.242	0	0.247	346.837	428.815	655.200	0.004	18.319	209.718
12/05/2022	0.242	0	0.246	347.078	429.061	655.200	0.004	18.278	209.809
13/05/2022	0.242	0	0.246	347.320	429.307	655.200	0.004	18.236	209.906
14/05/2022	0.241	0	0.245	347.561	429.552	655.200	0.004	18.194	209.996
15/05/2022	0.241	0	0.245	347.802	429.797	655.200	0.004	18.194	209.996
16/05/2022	0.240	0	0.244	348.042	430.041	655.200	0.004	18.185	209.634
17/05/2022	0.239	0	0.243	348.281	430.284	655.200	0.004	18.176	209.366
18/05/2022	0.238	0	0.242	348.518	430.526	655.200	0.004	18.167	209.001
19/05/2022	0.236	0	0.240	348.754	430.766	655.200	0.004	18.158	208.723
20/05/2022	0.235	0	0.239	348.989	431.005	655.200	0.004	18.148	208.355
21/05/2022	0.234	0	0.238	349.223	431.243	655.200	0.004	18.139	208.084
22/05/2022	0.233	0	0.237	349.456	431.480	655.200	0.004	18.130	207.714
23/05/2022	0.231	0	0.235	349.687	431.715	655.200	0.004	18.120	207.431
24/05/2022	0.231	0	0.235	349.917	431.950	655.200	0.004	18.111	207.068
25/05/2022	0.229	0	0.233	350.147	432.183	655.200	0.004	18.102	206.783
26/05/2022	0.228	0	0.232	350.374	432.415	655.200	0.004	18.092	206.408
27/05/2022	0.226	0	0.231	350.601	432.646	655.200	0.004	18.083	206.121
28/05/2022	0.226	0	0.230	350.826	432.876	655.200	0.004	18.074	205.752
29/05/2022	0.224	0	0.228	351.051	433.104	655.200	0.004	18.065	205.463
30/05/2022	0.223	0	0.228	351.274	433.332	655.200	0.005	18.056	205.245
31/05/2022	0.223	0	0.228	351.497	433.560	655.200	0.005	18.056	205.245
01/06/2022	0.223	0	0.228	351.719	433.788	655.200	0.005	18.040	205.341
02/06/2022	0.223	0	0.228	351.942	434.015	655.200	0.005	18.025	205.346
03/06/2022	0.223	0	0.228	352.165	434.243	655.200	0.005	18.009	205.352
04/06/2022	0.223	0	0.228	352.388	434.471	655.200	0.005	17.994	205.447
05/06/2022	0.223	0	0.228	352.611	434.699	655.200	0.005	17.978	205.453
06/06/2022	0.223	0	0.228	352.834	434.926	655.200	0.005	17.963	205.548
07/06/2022	0.223	0	0.228	353.057	435.154	655.200	0.005	17.947	205.554
08/06/2022	0.223	0	0.228	353.280	435.382	655.200	0.005	17.932	205.559
09/06/2022	0.223	0	0.228	353.503	435.610	655.200	0.005	17.917	205.655
10/06/2022	0.223	0	0.228	353.726	435.838	655.200	0.005	17.917	205.655
11/06/2022	0.222	0	0.227	353.948	436.065	655.200	0.005	17.961	205.811
12/06/2022	0.222	0	0.227	354.170	436.292	655.200	0.005	18.005	205.977
13/06/2022	0.222	0	0.227	354.392	436.519	655.200	0.005	18.049	206.144
14/06/2022	0.222	0	0.227	354.615	436.746	655.200	0.005	18.094	206.310
15/06/2022	0.222	0	0.227	354.837	436.973	655.200	0.005	18.138	206.476
16/06/2022	0.222	0	0.227	355.059	437.200	655.200	0.005	18.182	206.643
17/06/2022	0.222	0	0.227	355.281	437.427	655.200	0.005	18.226	206.809
18/06/2022	0.222	0	0.227	355.503	437.654	655.200	0.005	18.270	206.975
19/06/2022	0.222	0	0.227	355.726	437.881	655.200	0.005	18.315	207.141
20/06/2022	0.222	0	0.227	355.948	438.108	655.200	0.005	18.358	207.307
21/06/2022	0.222	0	0.228	356.170	438.336	655.200	0.006	18.403	207.636
22/06/2022	0.222	0	0.228	356.392	438.564	655.200	0.006	18.403	207.636
23/06/2022	0.222	0	0.227	356.615	438.791	655.200	0.005	18.304	207.504
24/06/2022	0.222	0	0.227	356.837	439.018	655.200	0.005	18.206	207.445
25/06/2022	0.222	0	0.227	357.059	439.245	655.200	0.005	18.108	207.476
26/06/2022	0.222	0	0.227	357.281	439.472	655.200	0.005	18.009	207.506
27/06/2022	0.222	0	0.226	357.503	439.699	655.200	0.005	17.911	207.527
28/06/2022	0.222	0	0.226	357.724	439.925	655.200	0.005	17.813	207.557
29/06/2022	0.222	0	0.226	357.946	440.151	655.200	0.005	17.714	207.498
30/06/2022	0.222	0	0.226	358.167	440.378	655.200	0.005	17.616	207.527
01/07/2022	0.222	0	0.226	358.389	440.604	655.200	0.005	17.517	207.557
02/07/2022	0.222	0	0.226	358.610	440.831	655.200	0.005	17.419	207.586
03/07/2022	0.222	0	0.226	358.832	441.057	655.200	0.005	17.321	207.615
04/07/2022	0.222	0	0.226	359.053	441.283	655.200	0.005	17.222	207.643
05/07/2022	0.222	0	0.226	359.275	441.510	655.200	0.005	17.222	207.643
06/07/2022	0.226	0	0.231	359.501	441.741	655.200	0.006	17.421	206.371
07/07/2022	0.230	0	0.235	359.731	441.976	655.200	0.006	17.619	205.010
08/07/2022	0.234	0	0.240	359.965	442.217	655.200	0.006	17.817	203.698
09/07/2022	0.238	0	0.244	360.203	442.461	655.200	0.006	18.016	202.304
10/07/2022	0.242	0	0.249	360.445	442.710	655.200	0.007	18.215	200.944
11/07/2022	0.247	0	0.253	360.692	442.964	655.200	0.007	18.413	199.506
12/07/2022	0.251	0	0.258	360.942	443.222	655.200	0.008	18.611	198.186
13/07/2022	0.251	0	0.258	361.193	443.481	655.200	0.008	18.611	198.186
14/07/2022	0.249	0	0.256	361.442	443.736	655.200	0.007	18.396	198.006
15/07/2022	0.246	0	0.253	361.688	443.989	655.200	0.007	18.181	197.958
16/07/2022	0.244	0	0.251	361.931	444.240	655.200	0.007	17.965	197.921
17/07/2022	0.242	0	0.249	362.173	444.488	655.200	0.007	17.750	197.982
18/07/2022	0.239	0	0.246	362.412	444.734	655.200	0.007	17.535	197.936
19/07/2022	0.237	0	0.244	362.649	444.978	655.200	0.007	17.319	197.901
20/07/2022	0.235	0	0.242	362.883	445.219	655.200	0.007	17.104	197.963
21/07/2022	0.232	0	0.239	363.115	445.458	655.200	0.007	16.889	197.919
22/07/2022	0.230	0	0.237	363.345	445.695	655.200	0.007	16.674	197.886
23/07/2022	0.228	0	0.235	363.573	445.930	655.200	0.007	16.458	197.949
24/07/2022	0.228	0	0.235	363.801	446.165	655.200	0.007	16.458	197.949
25/07/2022	0.220	0	0.227	364.021	446.392	655.200	0.007	15.474	198.545
26/07/2022	0.213	0	0.219	364.233	446.611	655.200	0.007	14.491	199.130
27/07/2022	0.205	0	0.211	364.438	446.822	655.200	0.006	13.507	199.531
28/07/2022	0.198	0	0.204	364.636	447.026	655.200	0.006	12.523	200.093
29/07/2022	0.190	0	0.197	364.826	447.223	655.200	0.006	11.540	200.636
30/07/2022	0.183	0	0.189	365.009	447.412	655.200	0.006	10.556	201.167
31/07/2022	0.184	0	0.190	365.193	447.602	655.200	0.006	10.486	200.934
01/08/2022	0.185	0	0.192	365.378	447.794	655.200	0.007	10.417	200.974
02/08/2022	0.185	0	0.192	365.563	447.986	655.200	0.007	10.347	200.737
03/08/2022	0.186	0	0.193	365.749	448.179	655.200	0.007	10.278	200.500
04/08/2022	0.188	0	0.195	365.937	448.374	655.200	0.008	10.208	200.452
05/08/2022	0.188	0	0.196	366.125	448.570	655.200	0.008	10.139	200.214
06/08/2022	0.189	0	0.197	366.314	448.767	655.200	0.008	10.069	200.160
07/08/2022	0.190	0	0.199	366.504	448.966	655.200	0.008	10.000	199.922
08/08/2022	0.191	0	0.199	366.695	449.165	655.200	0.008	9.931	199.683
09/08/2022	0.192	0	0.201	366.887	449.366	655.200	0.009	9.861	199.625
10/08/2022	0.192	0	0.201	367.079	449.567	655.200	0.009	9.792	199.386
11/08/2022	0.194	0	0.203	367.273	449.771	655.200	0.010	9.722	199.410
12/08/2022	0.194	0	0.204	367.467	449.975	655.200	0.010	9.653	199.170
13/08/2022	0.195	0	0.205	367.663	450.180	655.200	0.010	9.583	198.930
14/08/2022	0.196	0	0.206	367.858	450.386	655.200	0.010	9.514	198.865
15/08/2022	0.197	0	0.208	368.056	450.594	655.200	0.010	9.444	198.622
16/08/2022	0.198	0	0.209	368.253	450.803	655.200	0.011	9.375	198.554
17/08/2022	0.199	0	0.210	368.452	451.013	655.200	0.011	9.306	198.312
18/08/2022	0.199	0	0.210	368.651	451.223	655.200	0.011	9.236	198.071
19/08/2022	0.201	0	0.213	368.852	451.435	655.200	0.012	9.167	197.996
20/08/2022	0.201	0	0.213	369.053	451.649	655.200	0.012	9.097	197.754
21/08/2022	0.202	0	0.215	369.256	451.863	655.200	0.013	9.028	197.765
22/08/2022	0.203	0	0.216	369.459	452.079	655.200	0.013	8.958	197.519
23/08/2022	0.204	0	0.217	369.663	452.296	655.200	0.013	8.889	197.277
24/08/2022	0.205	0	0.218	369.868	452.514	655.200	0.013	8.819	197.198
25/08/2022	0.206	0	0.219	370.074	452.733	655.200	0.013	8.750	196.955
26/08/2022	0.207	0	0.221	370.281	452.953	655.200	0.014	8.681	196.869
27/08/2022	0.207	0	0.221	370.488	453.174	655.200	0.014	8.681	196.869