	PROD:Oil Rate (H), sm3/day	INJECTOR:Water Injection Rate (H), sm3/day	PROD:Liquid Rate (H), sm3/day	PROD:Oil Total (H), sm3	PROD:Liquid Total (H), sm3	PROD:Water Rate (H), sm3/day	PROD:Gas Rate (H), sm3/day	PROD:Bottom Hole Pressure (H), Bars
06/04/2018	0	0	0	0	0	0	0	0
06/04/2018 0:18	0	75	0	0	0	0	0	0
06/04/2018 0:37	0	75	0	0	0	0	0	0
06/04/2018 0:56	0	75	0	0	0	0	0	0
06/04/2018 1:14	0	75	0	0	0	0	0	0
06/04/2018 1:33	0	75	0	0	0	0	0	0
06/04/2018 1:52	0	75	0	0	0	0	0	0
06/04/2018 2:11	0	75	0	0	0	0	0	0
06/04/2018 2:29	0	75	0	0	0	0	0	0
06/04/2018 2:48	0	75	0	0	0	0	0	0
06/04/2018 3:07	0	75	0	0	0	0	0	0
06/04/2018 3:25	0	75	0	0	0	0	0	0
06/04/2018 3:44	0	75	0	0	0	0	0	0
06/04/2018 4:03	0	75	0	0	0	0	0	0
06/04/2018 4:22	0	75	0	0	0	0	0	0
06/04/2018 4:40	0	75	0	0	0	0	0	0
06/04/2018 4:59	0	75	0	0	0	0	0	0
06/04/2018 5:18	0	75	0	0	0	0	0	0
06/04/2018 5:36	0	75	0	0	0	0	0	0
06/04/2018 5:55	0	75	0	0	0	0	0	0
06/04/2018 6:14	0	75	0	0	0	0	0	0
06/04/2018 6:33	0	75	0	0	0	0	0	0
06/04/2018 6:51	0	75	0	0	0	0	0	0
06/04/2018 7:10	0	75	0	0	0	0	0	0
06/04/2018 7:29	0	75	0	0	0	0	0	0
06/04/2018 7:48	0	75	0	0	0	0	0	0
06/04/2018 8:06	0	75	0	0	0	0	0	0
06/04/2018 8:25	0	75	0	0	0	0	0	0
06/04/2018 8:44	0	75	0	0	0	0	0	0
06/04/2018 9:02	0	75	0	0	0	0	0	0
06/04/2018 9:21	0	75	0	0	0	0	0	0
06/04/2018 9:40	0	75	0	0	0	0	0	0
06/04/2018 9:59	0	75	0	0	0	0	0	0
06/04/2018 10:17	0	75	0	0	0	0	0	0
06/04/2018 10:36	0	75	0	0	0	0	0	0
06/04/2018 10:55	0	75	0	0	0	0	0	0
06/04/2018 11:13	0	75	0	0	0	0	0	0
06/04/2018 11:32	0	75	0	0	0	0	0	0
06/04/2018 11:51	0	75	0	0	0	0	0	0
06/04/2018 12:10	0	75	0	0	0	0	0	0
06/04/2018 12:28	0	75	0	0	0	0	0	0
06/04/2018 12:47	0	75	0	0	0	0	0	0
06/04/2018 13:06	0	75	0	0	0	0	0	0
06/04/2018 13:24	0	75	0	0	0	0	0	0
06/04/2018 13:43	0	75	0	0	0	0	0	0
06/04/2018 14:02	0	75	0	0	0	0	0	0
06/04/2018 14:21	0	75	0	0	0	0	0	0
06/04/2018 14:39	0	75	0	0	0	0	0	0
06/04/2018 14:58	0	75	0	0	0	0	0	0
06/04/2018 15:17	0	75	0	0	0	0	0	0
06/04/2018 15:36	0	75	0	0	0	0	0	0
06/04/2018 15:54	0	75	0	0	0	0	0	0
06/04/2018 16:13	0	75	0	0	0	0	0	0
06/04/2018 16:32	0	75	0	0	0	0	0	0
06/04/2018 16:50	0	75	0	0	0	0	0	0
06/04/2018 17:09	0	75	0	0	0	0	0	0
06/04/2018 17:28	0	75	0	0	0	0	0	0
06/04/2018 17:47	0	75	0	0	0	0	0	0
06/04/2018 18:05	0	75	0	0	0	0	0	0
06/04/2018 18:24	0	75	0	0	0	0	0	0
06/04/2018 18:43	0	75	0	0	0	0	0	0
06/04/2018 19:01	0	75	0	0	0	0	0	0
06/04/2018 19:20	0	75	0	0	0	0	0	0
06/04/2018 19:39	0	75	0	0	0	0	0	0
06/04/2018 19:58	0	75	0	0	0	0	0	0
06/04/2018 20:16	0	75	0	0	0	0	0	0
06/04/2018 20:35	0	75	0	0	0	0	0	0
06/04/2018 20:54	0	75	0	0	0	0	0	0
06/04/2018 21:12	0	75	0	0	0	0	0	0
06/04/2018 21:31	0	75	0	0	0	0	0	0
06/04/2018 21:50	0	75	0	0	0	0	0	0
06/04/2018 22:09	0	75	0	0	0	0	0	0
06/04/2018 22:27	0	75	0	0	0	0	0	0
06/04/2018 22:46	0	75	0	0	0	0	0	0
06/04/2018 23:05	0	75	0	0	0	0	0	0
06/04/2018 23:24	0	75	0	0	0	0	0	0
06/04/2018 23:42	0	75	0	0	0	0	0	0
07/04/2018 0:01	0	75	0	0	0	0	0	0
07/04/2018 0:20	0	75	0	0	0	0	0	0
07/04/2018 0:38	0	75	0	0	0	0	0	0
07/04/2018 0:57	0	75	0	0	0	0	0	0
07/04/2018 1:27	0	75	0	0	0	0	0	0
07/04/2018 1:58	0	75	0	0	0	0	0	0
07/04/2018 2:28	0	75	0	0	0	0	0	0
07/04/2018 2:58	0	75	0	0	0	0	0	0
07/04/2018 3:28	0	75	0	0	0	0	0	0
07/04/2018 3:59	0	75	0	0	0	0	0	0
07/04/2018 4:29	0	75	0	0	0	0	0	0
07/04/2018 4:59	0	75	0	0	0	0	0	0
07/04/2018 5:29	0	75	0	0	0	0	0	0
07/04/2018 6:00	0	75	0	0	0	0	0	0
07/04/2018 6:30	0	75	0	0	0	0	0	0
07/04/2018 7:00	0	75	0	0	0	0	0	0
07/04/2018 7:30	0	75	0	0	0	0	0	0
07/04/2018 8:00	0	75	0	0	0	0	0	0
07/04/2018 8:31	0	75	0	0	0	0	0	0
07/04/2018 9:01	0	75	0	0	0	0	0	0
07/04/2018 9:31	0	75	0	0	0	0	0	0
07/04/2018 10:01	0	75	0	0	0	0	0	0
07/04/2018 10:32	0	75	0	0	0	0	0	0
07/04/2018 11:02	0	75	0	0	0	0	0	0
07/04/2018 11:32	0	75	0	0	0	0	0	0
07/04/2018 12:02	0	75	0	0	0	0	0	0
07/04/2018 12:33	0	75	0	0	0	0	0	0
07/04/2018 13:03	0	75	0	0	0	0	0	0
07/04/2018 13:33	0	75	0	0	0	0	0	0
07/04/2018 14:03	0	75	0	0	0	0	0	0
07/04/2018 14:34	0	75	0	0	0	0	0	0
07/04/2018 15:04	0	75	0	0	0	0	0	0
07/04/2018 15:34	0	75	0	0	0	0	0	0
07/04/2018 16:04	0	75	0	0	0	0	0	0
07/04/2018 16:35	0	75	0	0	0	0	0	0
07/04/2018 17:05	0	75	0	0	0	0	0	0
07/04/2018 17:35	0	75	0	0	0	0	0	0
07/04/2018 18:05	0	75	0	0	0	0	0	0
07/04/2018 18:36	0	75	0	0	0	0	0	0
07/04/2018 19:06	0	75	0	0	0	0	0	0
07/04/2018 19:36	0	75	0	0	0	0	0	0
07/04/2018 20:06	0	75	0	0	0	0	0	0
07/04/2018 20:36	0	75	0	0	0	0	0	0
07/04/2018 21:07	0	75	0	0	0	0	0	0
07/04/2018 21:37	0	75	0	0	0	0	0	0
07/04/2018 22:07	0	75	0	0	0	0	0	0
07/04/2018 22:37	0	75	0	0	0	0	0	0
07/04/2018 23:08	0	75	0	0	0	0	0	0
07/04/2018 23:38	0	75	0	0	0	0	0	0
08/04/2018 0:08	0	75	0	0	0	0	0	0
08/04/2018 0:38	0	75	0	0	0	0	0	0
08/04/2018 1:09	0	75	0	0	0	0	0	0
08/04/2018 2:09	0	75	0	0	0	0	0	0
08/04/2018 3:10	0	75	0	0	0	0	0	0
08/04/2018 4:10	0	75	0	0	0	0	0	0
08/04/2018 5:11	0	75	0	0	0	0	0	0
08/04/2018 6:11	0	75	0	0	0	0	0	0
08/04/2018 7:12	0	75	0	0	0	0	0	0
08/04/2018 8:12	0	75	0	0	0	0	0	0
08/04/2018 9:12	0	75	0	0	0	0	0	0
08/04/2018 10:13	0	75	0	0	0	0	0	0
08/04/2018 11:13	0	75	0	0	0	0	0	0
08/04/2018 12:14	0	75	0	0	0	0	0	0
08/04/2018 13:14	0	75	0	0	0	0	0	0
08/04/2018 14:15	0	75	0	0	0	0	0	0
08/04/2018 15:15	0	75	0	0	0	0	0	0
08/04/2018 16:16	0	75	0	0	0	0	0	0
08/04/2018 17:16	0	75	0	0	0	0	0	0
08/04/2018 18:17	0	75	0	0	0	0	0	0
08/04/2018 19:17	0	75	0	0	0	0	0	0
08/04/2018 20:18	0	75	0	0	0	0	0	0
08/04/2018 21:18	0	75	0	0	0	0	0	0
08/04/2018 22:19	0	75	0	0	0	0	0	0
08/04/2018 23:19	0	75	0	0	0	0	0	0
09/04/2018 0:20	0	75	0	0	0	0	0	0
09/04/2018 1:20	0	75	0	0	0	0	0	0
09/04/2018 3:21	0	75	0	0	0	0	0	0
09/04/2018 5:22	0	75	0	0	0	0	0	0
09/04/2018 7:23	0	75	0	0	0	0	0	0
09/04/2018 9:24	0	75	0	0	0	0	0	0
09/04/2018 11:25	0	75	0	0	0	0	0	0
09/04/2018 13:26	0	75	0	0	0	0	0	0
09/04/2018 15:27	0	75	0	0	0	0	0	0
09/04/2018 17:28	0	75	0	0	0	0	0	0
09/04/2018 19:29	0	75	0	0	0	0	0	0
09/04/2018 21:30	0	75	0	0	0	0	0	0
09/04/2018 23:31	0	75	0	0	0	0	0	0
10/04/2018 1:32	0	75	0	0	0	0	0	0
10/04/2018 2:02	0	0	0	0	0	0	0	0
10/04/2018 2:32	0	0	0	0	0	0	0	0
10/04/2018 3:02	0	0	0	0	0	0	0	0
10/04/2018 3:33	0	0	0	0	0	0	0	0
10/04/2018 4:03	0	0	0	0	0	0	0	0
10/04/2018 4:33	0	0	0	0	0	0	0	0
10/04/2018 5:03	0	0	0	0	0	0	0	0
10/04/2018 5:34	0	0	0	0	0	0	0	0
10/04/2018 6:04	0	0	0	0	0	0	0	0
10/04/2018 6:34	0	0	0	0	0	0	0	0
10/04/2018 7:04	0	0	0	0	0	0	0	0
10/04/2018 7:35	0	0	0	0	0	0	0	0
10/04/2018 8:05	0	0	0	0	0	0	0	0
10/04/2018 8:35	0	0	0	0	0	0	0	0
10/04/2018 9:05	0	0	0	0	0	0	0	0
10/04/2018 9:36	0	0	0	0	0	0	0	0
10/04/2018 10:06	0	0	0	0	0	0	0	0
10/04/2018 10:36	0	0	0	0	0	0	0	0
10/04/2018 11:06	0	0	0	0	0	0	0	0
10/04/2018 11:36	0	0	0	0	0	0	0	0
10/04/2018 12:07	0	0	0	0	0	0	0	0
10/04/2018 12:37	0	0	0	0	0	0	0	0
10/04/2018 13:07	0	0	0	0	0	0	0	0
10/04/2018 13:37	0	0	0	0	0	0	0	0
10/04/2018 14:08	0	0	0	0	0	0	0	0
10/04/2018 14:38	0	0	0	0	0	0	0	0
10/04/2018 15:08	0	0	0	0	0	0	0	0
10/04/2018 15:38	0	0	0	0	0	0	0	0
10/04/2018 16:09	0	0	0	0	0	0	0	0
10/04/2018 16:39	0	0	0	0	0	0	0	0
10/04/2018 17:09	0	0	0	0	0	0	0	0
10/04/2018 17:39	0	0	0	0	0	0	0	0
10/04/2018 18:10	0	0	0	0	0	0	0	0
10/04/2018 18:40	0	0	0	0	0	0	0	0
10/04/2018 19:10	0	0	0	0	0	0	0	0
10/04/2018 19:40	0	0	0	0	0	0	0	0
10/04/2018 20:11	0	0	0	0	0	0	0	0
10/04/2018 20:41	0	0	0	0	0	0	0	0
10/04/2018 21:11	0	0	0	0	0	0	0	0
10/04/2018 21:41	0	0	0	0	0	0	0	0
10/04/2018 22:12	0	0	0	0	0	0	0	0
10/04/2018 22:42	0	0	0	0	0	0	0	0
10/04/2018 23:12	0	0	0	0	0	0	0	0
10/04/2018 23:42	0	0	0	0	0	0	0	0
11/04/2018 0:12	0	0	0	0	0	0	0	0
11/04/2018 0:43	0	0	0	0	0	0	0	0
11/04/2018 1:13	0	0	0	0	0	0	0	0
11/04/2018 1:43	0	0	0	0	0	0	0	0
11/04/2018 2:44	0	0	0	0	0	0	0	0
11/04/2018 3:44	0	0	0	0	0	0	0	0
11/04/2018 4:45	0	0	0	0	0	0	0	0
11/04/2018 5:45	0	0	0	0	0	0	0	0
11/04/2018 6:46	0	0	0	0	0	0	0	0
11/04/2018 7:46	0	0	0	0	0	0	0	0
11/04/2018 8:47	0	0	0	0	0	0	0	0
11/04/2018 9:47	0	0	0	0	0	0	0	0
11/04/2018 10:48	0	0	0	0	0	0	0	0
11/04/2018 11:48	0	0	0	0	0	0	0	0
11/04/2018 12:48	0	0	0	0	0	0	0	0
11/04/2018 13:49	0	0	0	0	0	0	0	0
11/04/2018 14:49	0	0	0	0	0	0	0	0
11/04/2018 15:50	0	0	0	0	0	0	0	0
11/04/2018 16:50	0	0	0	0	0	0	0	0
11/04/2018 17:51	0	0	0	0	0	0	0	0
11/04/2018 18:51	0	0	0	0	0	0	0	0
11/04/2018 19:52	0	0	0	0	0	0	0	0
11/04/2018 20:52	0	0	0	0	0	0	0	0
11/04/2018 21:53	0	0	0	0	0	0	0	0
11/04/2018 22:53	0	0	0	0	0	0	0	0
11/04/2018 23:54	0	0	0	0	0	0	0	0
12/04/2018 0:54	0	0	0	0	0	0	0	0
12/04/2018 1:55	0	0	0	0	0	0	0	0
12/04/2018 5:55	0	0	0	0	0	0	0	0
12/04/2018 9:56	0	0	0	0	0	0	0	0
12/04/2018 13:56	0	0	0	0	0	0	0	0
12/04/2018 17:57	0	0	0	0	0	0	0	0
12/04/2018 21:57	0	0	0	0	0	0	0	0
13/04/2018 1:58	0	0	0	0	0	0	0	0
13/04/2018 7:58	0	0	0	0	0	0	0	0
13/04/2018 13:58	0	0	0	0	0	0	0	0
13/04/2018 19:58	0	0	0	0	0	0	0	0
14/04/2018 1:58	0	0	0	0	0	0	0	0
15/04/2018 1:58	0	0	0	0	0	0	0	0
16/04/2018 1:58	0	0	0	0	0	0	0	0
17/04/2018 1:58	0	0	0	0	0	0	0	0
18/04/2018 1:58	0	0	0	0	0	0	0	0
19/04/2018 1:58	0	0	0	0	0	0	0	0
20/04/2018 1:58	0	0	0	0	0	0	0	0
21/04/2018 1:58	0	0	0	0	0	0	0	0
22/04/2018 1:58	0	0	0	0	0	0	0	0
23/04/2018 1:58	0	0	0	0	0	0	0	0
24/04/2018 1:58	0	0	0	0	0	0	0	0
25/04/2018 1:58	0	0	0	0	0	0	0	0
26/04/2018 1:58	0	0	0	0	0	0	0	0
27/04/2018 1:58	0	0	0	0	0	0	0	0
28/04/2018 1:58	0	0	0	0	0	0	0	0
29/04/2018 1:58	0	0	0	0	0	0	0	0
30/04/2018 1:58	0	0	0	0	0	0	0	0
01/05/2018 1:58	0	0	0	0	0	0	0	0
02/05/2018 1:58	0	0	0	0	0	0	0	0
03/05/2018 1:58	0	0	0	0	0	0	0	0
04/05/2018 1:58	0	0	0	0	0	0	0	0
05/05/2018 1:58	0	0	0	0	0	0	0	0
06/05/2018 1:58	0	0	0	0	0	0	0	0
07/05/2018 1:58	0	0	0	0	0	0	0	0
08/05/2018 1:58	0	0	0	0	0	0	0	0
09/05/2018 1:58	0	0	0	0	0	0	0	0
10/05/2018	0	0	0	0	0	0	0	0
11/05/2018	0	0	1.6075	0	1.6075	1.6075	0	0
12/05/2018	0	0	1.6075	0	3.215	1.6075	0	0
13/05/2018	0	0	1.605	0	4.82	1.605	0	618.7729655
14/05/2018	0	0	1.5925	0	6.4125	1.5925	0	614.8402759
15/05/2018	0	0	1.5975	0	8.01	1.5975	0	612.1489655
16/05/2018	0	0	1.59	0	9.6	1.59	0	609.7555862
17/05/2018	0	0	1.585	0	11.185	1.585	0	607.113931
18/05/2018	0	0	1.58	0	12.765	1.58	0	604.9986207
19/05/2018	0	0	1.5675	0	14.3325	1.5675	0	602.9726897
20/05/2018	0	0	1.535	0	15.8675	1.535	0	601.2148966
21/05/2018	0	0	1.485	0	17.3525	1.485	0	602.8932414
22/05/2018	0	0	1.5475	0	18.9	1.5475	0	585.504
23/05/2018	0	0	1.5475	0	20.4475	1.5475	0	626.9362759
24/05/2018	0	0	1.6175	0	22.065	1.6175	0	626.9362759
27/05/2018	0	0	1.63	0	26.955	1.63	0	620.0441379
28/05/2018	0	0	1.55	0	28.505	1.55	0	620.0441379
29/05/2018	0	0	1.4675	0	29.9725	1.4675	0	613.0427586
30/05/2018	0	0	1.4625	0	31.435	1.4625	0	613.1222069
03/06/2018	0	0	1.565	0	37.695	1.565	0	613.1222069
04/06/2018	0	0	1.5825	0	39.2775	1.5825	0	612.5164138
05/06/2018	0	0	1.4825	0	40.76	1.4825	0	611.8907586
06/06/2018	0.009259259	0	1.444259259	0.009259259	42.20425926	1.435	0	599.318069
07/06/2018	0.011111111	0	1.436111111	0.02037037	43.64037037	1.425	0	595.5641379
08/06/2018	0.027777778	0	1.342777778	0.048148148	44.98314815	1.315	0	592.8728276
10/06/2018	0.037037037	0	1.334537037	0.122222222	47.65222222	1.2975	0	590.4397241
11/06/2018	0.046296296	0	1.351296296	0.168518518	49.00351852	1.305	0	588.5627586
12/06/2018	0.084074074	0	1.391574074	0.252592592	50.39509259	1.3075	0	577.449931
13/06/2018	0.121759259	0	1.434259259	0.374351851	51.82935185	1.3125	13.5725	565.2943448
14/06/2018	0.157777778	0	1.562777778	0.532129629	53.39212963	1.405	9.8275	568.1842759
15/06/2018	0.18860872	0	1.63360872	0.720738349	55.02573835	1.445	15.7025	565.9696552
16/06/2018	0.25	0	1.6225	0.970738349	56.64823835	1.3725	22.2425	558.6902069
17/06/2018	0.266666667	0	1.856666667	1.237405016	58.50490502	1.59	32.9475	562.176
18/06/2018	0.276944444	0	1.869444444	1.51434946	60.37434946	1.5925	36.805	561.1332414
19/06/2018	0.313981481	0	1.826481481	1.828330941	62.20083094	1.5125	40.5125	558.2830345
20/06/2018	0.378518519	0	1.846018519	2.20684946	64.04684946	1.4675	44.21	553.9431724
21/06/2018	0.377037037	0	1.827037037	2.583886497	65.8738865	1.45	47.89	553.0791724
22/06/2018	0.387685185	0	1.805185185	2.971571682	67.67907168	1.4175	49.5875	551.4802759
23/06/2018	0.40287037	0	1.79037037	3.374442052	69.46944205	1.3875	50.83	549.7026207
24/06/2018	0.424440022	0	1.794440022	3.798882074	71.26388207	1.37	54.7925	547.4582069
25/06/2018	0.451944444	0	1.774444444	4.250826518	73.03832652	1.3225	56.01	544.1809655
26/06/2018	0.473425926	0	1.750925926	4.724252444	74.78925244	1.2775	57.5	541.7776552
27/06/2018	0.478333333	0	1.725833333	5.202585777	76.51508578	1.2475	59.1125	540.0198621
28/06/2018	0.486574074	0	1.706574074	5.689159851	78.22165985	1.22	60.8225	538.1726897
29/06/2018	0.4875	0	1.67	6.176659851	79.89165985	1.1825	62.11	536.3056552
30/06/2018	0.505648148	0	1.665648148	6.682307999	81.557308	1.16	63.4725	533.7633103
01/07/2018	0.511481481	0	1.661481481	7.19378948	83.21878948	1.15	64.93	532.1644138
02/07/2018	0.529438248	0	1.636938248	7.723227728	84.85572773	1.1075	65.375	529.5028966
03/07/2018	0.544814815	0	1.644814815	8.268042543	86.50054254	1.1	66.8675	527.2783448
04/07/2018	0.567314815	0	1.739814815	8.835357358	88.24035736	1.1725	73.31	526.3746207
05/07/2018	0.67212963	0	1.88212963	9.507486988	90.12248699	1.21	88.125	520.6543448
06/07/2018	0.693981481	0	1.908981481	10.20146847	92.03146847	1.215	90.7575	517.5062069
07/07/2018	0.703055556	0	1.918055556	10.90452403	93.94952403	1.215	92.95	514.6361379
08/07/2018	0.701759259	0	1.911759259	11.60628328	95.86128328	1.21	93.8175	512.7790345
09/07/2018	0.727962963	0	1.967962963	12.33424625	97.82924625	1.24	94.93	509.5315862
10/07/2018	0.75287037	0	1.96037037	13.08711662	99.78961662	1.2075	96.3575	504.6455172
11/07/2018	0.756842775	0	1.891842775	13.84395939	101.6814594	1.135	97.1475	501.6463448
12/07/2018	0.774074074	0	1.864074074	14.61803347	103.5455335	1.09	98.255	497.942069
13/07/2018	0.786296296	0	1.831296296	15.40432976	105.3768298	1.045	99.3575	494.0590345
14/07/2018	0.788518519	0	1.796018519	16.19284828	107.1728483	1.0075	100.4175	490.7917241
15/07/2018	0.812592593	0	1.822592593	17.00544087	108.9954409	1.01	102.03	487.2761379
16/07/2018	0.800092593	0	1.777592593	17.80553347	110.7730335	0.9775	101.6625	484.6344828
17/07/2018	0.800560736	0	1.793060736	18.6060942	112.5660942	0.9925	117.04	483.5122759
18/07/2018	0.815555556	0	1.805555556	19.42164976	114.3716498	0.99	150.9275	469.3108966
19/07/2018	0.841505376	0	1.826505376	20.26315513	116.1981551	0.985	161.725	476.9776552
20/07/2018	0.85	0	1.8125	21.11315514	118.0106551	0.9625	136.035	474.921931
21/07/2018	0.892227797	0	1.844727797	22.00538293	119.8553829	0.9525	172.11	470.6813793
22/07/2018	0.891442948	0	1.826442948	22.89682588	121.6818259	0.935	175.1325	466.5401379
23/07/2018	0.890510948	0	1.805510948	23.78733683	123.4873368	0.915	177.1025	464.9809655
24/07/2018	0.889436519	0	1.786936519	24.67677335	125.2742733	0.8975	172.825	462.7762759
25/07/2018	0.888223361	0	1.768223361	25.56499671	127.0424967	0.88	169.3775	446.0822069
26/07/2018	0.886876526	0	1.749376526	26.45187323	128.7918732	0.8625	174.4875	456.2813793
27/07/2018	0.885399555	0	1.730399555	27.33727279	130.5222728	0.845	170.575	452.7062069
28/07/2018	0.883796628	0	1.711296628	28.22106942	132.2335694	0.8275	170.59	450.7398621
29/07/2018	0.882071609	0	1.692071609	29.10314103	133.925641	0.81	168.5925	447.4725517
30/07/2018	0.880229281	0	1.675229281	29.98337031	135.6008703	0.795	168.4375	448.1776552
31/07/2018	0.87827186	0	1.65827186	30.86164217	137.2591422	0.78	167.8125	440.7393103
01/08/2018	0.876204995	0	1.638704995	31.73784716	138.8978472	0.7625	170.8	437.462069
02/08/2018	0.874031246	0	1.621531246	32.61187841	140.5193784	0.7475	164.0075	430.9969655
03/08/2018	0.871754616	0	1.604254616	33.48363302	142.123633	0.7325	169.4875	431.0764138
04/08/2018	0.869379047	0	1.586879047	34.35301207	143.7105121	0.7175	168.1125	428.5142069
05/08/2018	0.86690737	0	1.57190737	35.21991944	145.2824194	0.705	167.2425	425.6242759
06/08/2018	0.864343651	0	1.554343651	36.08426309	146.8367631	0.69	165.885	422.5257931
07/08/2018	0.861690569	0	1.539190569	36.94595366	148.3759537	0.6775	163.4225	420.777931
08/08/2018	0.85895233	0	1.52145233	37.80490599	149.897406	0.6625	163.06	417.302069
09/08/2018	0.856131741	0	1.506131741	38.66103773	151.4035377	0.65	161.465	414.9484138
10/08/2018	0.853232621	0	1.490732621	39.51427035	152.8942704	0.6375	161.72	417.8085517
11/08/2018	0.850256816	0	1.475256816	40.36452717	154.3695272	0.625	168.125	418.6626207
12/08/2018	0.847208563	0	1.459708563	41.21173573	155.8292357	0.6125	158.84	410.6681379
13/08/2018	0.844090391	0	1.444090391	42.05582612	157.2733261	0.6	155.365	405.2457931
14/08/2018	0.840905316	0	1.428405316	42.89673144	158.7017314	0.5875	154.6375	401.3627586
16/08/2018	0.837656854	0	1.412656854	44.57204515	161.5270451	0.575	155.345	400.8066207
17/08/2018	0.825626026	0	1.383126026	45.39767117	162.9101712	0.5575	155.9675	402.7630345
18/08/2018	0.822307128	0	1.369807128	46.2199783	164.2799783	0.5475	171.6025	402.038069
19/08/2018	0.81893378	0	1.35393378	47.03891208	165.6339121	0.535	164.78	390.9947586
20/08/2018	0.815508655	0	1.340508655	47.85442074	166.9744207	0.525	184.65	389.7831724
21/08/2018	0.812033201	0	1.327033201	48.66645394	168.3014539	0.515	175.24	387.4195862
22/08/2018	0.808511715	0	1.313511715	49.47496565	169.6149657	0.505	167.2	383.7351724
23/08/2018	0.80494582	0	1.29994582	50.27991147	170.9149115	0.495	173.13	381.4113103
28/08/2018	0.801337061	0	1.286337061	54.28659678	177.3465968	0.485	169.445	381.7787586
31/08/2018	0.765508743	0	1.220508743	56.58312301	181.008123	0.455	158.3325	380.2195862
06/09/2018	0.746664482	0	1.184164482	61.0631099	188.1131099	0.4375	156.4825	377.846069
09/09/2018	0.706784668	0	1.114284668	63.1834639	191.4559639	0.4075	149.075	369.4444138
13/09/2018	0.68980659	0	1.08230659	65.94269026	195.7851903	0.3925	131.0175	364.4987586
16/09/2018	0.666829127	0	1.041829127	67.94317764	198.9106776	0.375	129.63	364.4987586
17/09/2018	0.651175844	0	1.011175844	68.59435349	199.9218535	0.36	129.63	344.736
20/09/2018	0.648343483	0	1.000843483	70.53938394	202.9243839	0.3525	125	337.0195862
23/09/2018	0.633312488	0	0.973312488	72.4393214	205.8443214	0.34	118.5175	334.7553103
28/09/2018	0.618809178	0	0.946309178	75.53336729	210.5758673	0.3275	118.5175	333.782069
29/09/2018	0.593821277	0	0.903821277	76.12718857	211.4796886	0.31	112.9625	330.4750345
30/09/2018	0.591352525	0	0.893852525	76.71854109	212.3735411	0.3025	112.9625	327.5354483
01/10/2018	0.588876211	0	0.886376211	77.3074173	213.2599173	0.2975	112.9625	322.2124138
05/10/2018	0.586392423	0	0.878892423	79.652987	216.775487	0.2925	115.74	324.3773793
11/10/2018	0.55	0	0.85	82.952987	221.875487	0.3	115.74	320.7724138
19/10/2018	0.542387293	0	0.804887293	87.29208534	228.3145853	0.2625	113.055	322.7685517
20/10/2018	0.510089166	0	0.755089166	87.80217451	229.0696745	0.245	112.13	319.2827586
24/10/2018	0.508310334	0	0.748310334	89.83541584	232.0629158	0.24	111	310.9208276
27/10/2018	0.494811353	0	0.724811353	91.3198499	234.2373499	0.23	108.8525	309.6397241
03/11/2018	0.485736478	0	0.708236478	94.72000525	239.1950052	0.2225	106.8525	309.6397241
04/11/2018	0.463502921	0	0.673502921	95.18350817	239.8685082	0.21	82.11	298.7851034
05/11/2018	0.462187304	0	0.667187304	95.64569547	240.5356955	0.205	81.2975	297.9707586
16/11/2018	0.4608728	0	0.6633728	100.7152963	247.8327963	0.2025	81.4075	293.4223448
18/11/2018	0.430385924	0	0.617885924	101.5760681	249.0685681	0.1875	75.11	293.4223448
19/11/2018	0.426815088	0	0.609315088	102.0028832	249.6778832	0.1825	79.305	292.2902069
02/12/2018	0.4075	0	0.5875	107.3003832	257.3153832	0.18	79.2775	284.841931
18/12/2018	0.3875	0	0.5625	113.5003832	266.3153832	0.175	75	280
29/12/2018	0.368528912	0	0.523528912	117.5542012	272.0742012	0.155	72.4075	277.046069
30/12/2018	0.354062814	0	0.499062814	117.9082641	272.5732641	0.145	76.88	278.774069
07/01/2019	0.354077656	0	0.499077656	120.7408853	276.5658853	0.145	77.2025	278.208
08/01/2019	0.34556292	0	0.48556292	121.0864482	277.0514482	0.14	57.065	271.3357241
18/01/2019	0.345662141	0	0.483162141	124.5430696	281.8830696	0.1375	56.7875	269.7368276
24/01/2019	0.336206274	0	0.468706274	126.5603073	284.6953073	0.1325	58.7025	261.6331034
06/02/2019	0.331579373	0	0.459079373	130.8708391	290.6633391	0.1275	58.625	258.0082759
10/02/2019	0.321281748	0	0.443781748	132.1559661	292.4384661	0.1225	58.61	258.144
25/02/2019	0.319066168	0	0.439066168	136.9419586	299.0244586	0.12	48.7025	260.7277241
26/02/2019	0.308231104	0	0.423231104	137.2501897	299.4476897	0.115	47.4825	253.4995862
06/03/2019	0.308450237	0	0.420950237	139.7177916	302.8152916	0.1125	47.2325	259.0013793
07/03/2019	0.303159618	0	0.413159618	140.0209513	303.2284513	0.11	46.4825	254.1351724
22/03/2019	0.303317218	0	0.413317218	144.5707095	309.4282095	0.11	46.315	254.1153103
03/04/2019	0.292064523	0	0.397064523	148.0754838	314.1929838	0.105	47.5	253.5095172
08/04/2019	0.282554107	0	0.382554107	149.4882543	316.1057543	0.1	46.75	254.9097931
18/04/2019	0.278833327	0	0.376333327	152.2765876	319.8690876	0.0975	45.2775	252.009931
20/04/2019	0.270084429	0	0.362584429	152.8167565	320.5942565	0.0925	45.4725	252.278069
26/04/2019	0.26886469	0	0.36136469	154.4299446	322.7624446	0.0925	43.5	251.3445517
01/05/2019	0.263496787	0	0.350996787	155.7474285	324.5174285	0.0875	42.435	245.4951724
07/05/2019	0.258944163	0	0.343944163	157.3010935	326.5810935	0.085	39.815	242.4761379
15/05/2019	0.253109828	0	0.335609828	159.3259721	329.2659721	0.0825	37.0375	248.6532414
22/05/2019	0.244759332	0	0.324759332	161.0392875	331.5392875	0.08	30	249.1696552
01/06/2019	0.237243787	0	0.314743787	163.4117253	334.6867253	0.0775	26.2975	249.5172414
06/06/2019	0.225891743	0	0.298391743	164.541184	336.178684	0.0725	26.0175	246.5677241
23/06/2019	0.224546803	0	0.294546803	168.3584797	341.1859797	0.07	27.5375	248.822069
10/07/2019	0.206486523	0	0.271486523	171.8687506	345.8012506	0.065	27.75	244.1346207
30/07/2019	0.201006169	0	0.263506169	175.888874	351.071374	0.0625	27.7775	247.3324138
20/08/2019	0.204458106	0	0.266958106	180.1824942	356.6774942	0.0625	28.24	249
30/08/2019	0.198924473	0	0.258924473	182.1717389	359.2667389	0.06	26.99	251.2353103
07/09/2019	0.18734875	0	0.24484875	183.6705289	361.2255289	0.0575	26	250
04/10/2019	0.190759955	0	0.248259955	188.8210477	367.9285477	0.0575	25.925	249.4477241
15/10/2019	0.185127505	0	0.240127505	190.8574503	370.5699503	0.055	54.6575	251.8311724
04/11/2019	0.173417551	0	0.223417551	194.3258013	375.0383013	0.05	87.9625	247.968
24/11/2019	0.173762941	0	0.223762941	197.8010601	379.5135601	0.05	86.11	250
01/12/2019	0.174100306	0	0.224100306	199.0197622	381.0822622	0.05	86.11	252
11/12/2019	0	0	0	199.0197622	381.0822622	0	0	255
13/12/2019	0.255830904	0	0.400830904	199.5314241	381.8839241	0.145	95.36	250
20/12/2019	0.243122562	0	0.400622562	201.233282	384.688282	0.1575	83.01	245
27/12/2019	0.243009259	0	0.355509259	202.9343468	387.1768468	0.1125	66.01	237
06/01/2020	0.235833333	0	0.340833333	205.2926801	390.5851801	0.105	65.26	232
16/01/2020	0.235185185	0	0.347685185	207.644532	394.062032	0.1125	75.925	195
08/02/2020	0.208407407	0	0.298407407	212.4379023	400.9254023	0.09	75.7675	154
28/02/2020	0.203435185	0	0.275935185	216.506606	406.444106	0.0725	81.36	150
26/03/2020	0.1725	0	0.235	221.164106	412.789106	0.0625	74.075	143
16/04/2020	0.16487037	0	0.20737037	224.6263838	417.1438838	0.0425	77.9725	130
05/05/2020	0.162037037	0	0.204537037	227.7050875	421.0300875	0.0425	74.6675	120
24/05/2020	0.158916667	0	0.228916667	230.7245042	425.3795042	0.07	82.6675	80
03/06/2020	0	0	0	230.7245042	425.3795042	0	0	63
07/06/2020	0.158916667	0	0.228916667	231.3601709	426.2951709	0.07	57.555	60
15/06/2020	0.152712963	0	0.212712963	232.5818746	427.9968746	0.06	48.055	58
28/06/2020	0.161712963	0	0.211712963	234.6841431	430.7491431	0.05	48.325	57
07/07/2020	0.158768519	0	0.213768519	236.1130598	432.6730598	0.055	46.4525	55
21/07/2020	0.145851852	0	0.193351852	238.1549857	435.3799857	0.0475	47.7025	54.4
13/08/2020	0.147851852	0	0.185351852	241.5555783	439.6430783	0.0375	52.5	54
25/08/2020	0.143111111	0	0.178111111	243.2729116	441.7804116	0.035	35.25	53
16/09/2020	0.138398148	0	0.165898148	246.3176709	445.4301709	0.0275	27.7775	55
17/09/2020	0.13262037	0	0.17262037	246.4502912	445.6027912	0.04	33.7675	56
14/10/2020	0.136083333	0	0.176083333	250.1245412	450.3570412	0.04	0	56
15/10/2020	0.1505	0	0.1805	250.2750412	450.5375412	0.03	0	56
04/11/2020	0.142546296	0	0.177546296	253.1259671	454.0884671	0.035	0	54
20/11/2020	0.140796296	0	0.178296296	255.3787079	456.9412079	0.0375	0	53
22/12/2020	0.127787037	0	0.162787037	259.4678931	462.1503931	0.035	0	50